nbsteps;percentofmapall;seen_gridmap;astardistances1;euclideandistances1;astardistances2;euclideandistances2;astardistances3;euclideandistances3
1;0.0741687979539642;"MMatrix[Int8[1 2 2 1 1 0 0 0 0 0 0 0 0 0 0 0 0 0 0 0; 1 2 2 1 1 0 0 0 0 0 0 0 0 0 0 0 0 0 0 0; 1 2 2 1 1 0 0 0 0 0 0 0 0 0 0 0 0 0 0 0; 1 0 0 0 0 0 0 0 0 0 0 0 0 0 0 0 0 0 0 0; 0 0 0 0 0 0 0 0 0 0 0 0 0 0 0 0 0 0 0 0; 0 0 0 0 0 0 0 0 0 0 0 0 0 0 0 0 0 0 0 0; 0 0 0 0 0 0 0 0 0 0 0 0 0 0 0 0 0 0 0 0; 0 0 0 0 0 0 0 0 0 0 0 0 0 0 0 0 0 0 0 0; 0 0 0 0 0 0 0 0 0 0 0 0 0 0 0 0 0 0 0 0; 0 0 0 0 0 0 0 0 0 0 0 0 0 0 0 0 0 0 0 0; 0 0 0 0 0 0 0 0 0 0 0 0 0 0 0 0 0 0 0 0; 0 0 0 0 0 0 0 0 0 0 0 0 0 0 0 0 0 0 0 0; 0 0 0 0 0 0 0 0 0 0 0 0 0 0 0 0 0 0 0 0; 0 0 0 0 0 0 0 0 0 0 0 0 0 0 0 0 0 0 0 0; 0 0 0 0 0 0 0 0 0 0 0 0 0 0 0 0 0 0 0 0; 0 0 0 0 0 0 0 0 0 0 0 0 0 0 0 0 0 0 0 0; 0 0 0 0 0 0 0 0 0 0 0 0 0 0 0 0 0 0 0 0; 0 0 0 0 0 0 0 0 0 0 0 0 0 0 0 0 0 0 0 0; 0 0 0 0 0 0 0 0 0 0 0 0 0 0 0 0 0 0 0 0; 0 0 0 0 0 0 0 0 0 0 0 0 0 0 0 0 0 0 0 0], Int8[0 2 2 1 1 0 0 0 0 0 0 0 0 0 0 0 0 0 0 0; 2 2 2 1 1 0 0 0 0 0 0 0 0 0 0 0 0 0 0 0; 2 2 1 1 1 0 0 0 0 0 0 0 0 0 0 0 0 0 0 0; 2 1 1 0 0 0 0 0 0 0 0 0 0 0 0 0 0 0 0 0; 1 1 1 0 0 0 0 0 0 0 0 0 0 0 0 0 0 0 0 0; 0 0 1 0 0 0 0 0 0 0 0 0 0 0 0 0 0 0 0 0; 0 0 0 0 0 0 0 0 0 0 0 0 0 0 0 0 0 0 0 0; 0 0 0 0 0 0 0 0 0 0 0 0 0 0 0 0 0 0 0 0; 0 0 0 0 0 0 0 0 0 0 0 0 0 0 0 0 0 0 0 0; 0 0 0 0 0 0 0 0 0 0 0 0 0 0 0 0 0 0 0 0; 0 0 0 0 0 0 0 0 0 0 0 0 0 0 0 0 0 0 0 0; 0 0 0 0 0 0 0 0 0 0 0 0 0 0 0 0 0 0 0 0; 0 0 0 0 0 0 0 0 0 0 0 0 0 0 0 0 0 0 0 0; 0 0 0 0 0 0 0 0 0 0 0 0 0 0 0 0 0 0 0 0; 0 0 0 0 0 0 0 0 0 0 0 0 0 0 0 0 0 0 0 0; 0 0 0 0 0 0 0 0 0 0 0 0 0 0 0 0 0 0 0 0; 0 0 0 0 0 0 0 0 0 0 0 0 0 0 0 0 0 0 0 0; 0 0 0 0 0 0 0 0 0 0 0 0 0 0 0 0 0 0 0 0; 0 0 0 0 0 0 0 0 0 0 0 0 0 0 0 0 0 0 0 0; 0 0 0 0 0 0 0 0 0 0 0 0 0 0 0 0 0 0 0 0], Int8[1 1 1 1 0 0 0 0 0 0 0 0 0 0 0 0 0 0 0 0; 2 2 2 0 0 0 0 0 0 0 0 0 0 0 0 0 0 0 0 0; 2 2 1 0 0 0 0 0 0 0 0 0 0 0 0 0 0 0 0 0; 1 1 1 0 0 0 0 0 0 0 0 0 0 0 0 0 0 0 0 0; 1 1 1 0 0 0 0 0 0 0 0 0 0 0 0 0 0 0 0 0; 1 1 1 0 0 0 0 0 0 0 0 0 0 0 0 0 0 0 0 0; 1 0 0 0 0 0 0 0 0 0 0 0 0 0 0 0 0 0 0 0; 0 0 0 0 0 0 0 0 0 0 0 0 0 0 0 0 0 0 0 0; 0 0 0 0 0 0 0 0 0 0 0 0 0 0 0 0 0 0 0 0; 0 0 0 0 0 0 0 0 0 0 0 0 0 0 0 0 0 0 0 0; 0 0 0 0 0 0 0 0 0 0 0 0 0 0 0 0 0 0 0 0; 0 0 0 0 0 0 0 0 0 0 0 0 0 0 0 0 0 0 0 0; 0 0 0 0 0 0 0 0 0 0 0 0 0 0 0 0 0 0 0 0; 0 0 0 0 0 0 0 0 0 0 0 0 0 0 0 0 0 0 0 0; 0 0 0 0 0 0 0 0 0 0 0 0 0 0 0 0 0 0 0 0; 0 0 0 0 0 0 0 0 0 0 0 0 0 0 0 0 0 0 0 0; 0 0 0 0 0 0 0 0 0 0 0 0 0 0 0 0 0 0 0 0; 0 0 0 0 0 0 0 0 0 0 0 0 0 0 0 0 0 0 0 0; 0 0 0 0 0 0 0 0 0 0 0 0 0 0 0 0 0 0 0 0; 0 0 0 0 0 0 0 0 0 0 0 0 0 0 0 0 0 0 0 0]]";[0.0, 2.0, 3.0];[0.0, 2.23606797749979, 4.242640687119285];[2.0, 0.0, 2.0];[2.23606797749979, 0.0, 2.23606797749979];[3.0, 2.0, 0.0];[4.242640687119285, 2.23606797749979, 0.0]
2;0.09974424552429667;"MMatrix[Int8[1 3 3 2 2 0 0 0 0 0 0 0 0 0 0 0 0 0 0 0; 1 2 3 2 2 0 0 0 0 0 0 0 0 0 0 0 0 0 0 0; 1 2 2 1 2 0 0 0 0 0 0 0 0 0 0 0 0 0 0 0; 1 0 1 0 0 0 0 0 0 0 0 0 0 0 0 0 0 0 0 0; 0 1 0 0 0 0 0 0 0 0 0 0 0 0 0 0 0 0 0 0; 0 0 0 0 0 0 0 0 0 0 0 0 0 0 0 0 0 0 0 0; 0 0 0 0 0 0 0 0 0 0 0 0 0 0 0 0 0 0 0 0; 0 0 0 0 0 0 0 0 0 0 0 0 0 0 0 0 0 0 0 0; 0 0 0 0 0 0 0 0 0 0 0 0 0 0 0 0 0 0 0 0; 0 0 0 0 0 0 0 0 0 0 0 0 0 0 0 0 0 0 0 0; 0 0 0 0 0 0 0 0 0 0 0 0 0 0 0 0 0 0 0 0; 0 0 0 0 0 0 0 0 0 0 0 0 0 0 0 0 0 0 0 0; 0 0 0 0 0 0 0 0 0 0 0 0 0 0 0 0 0 0 0 0; 0 0 0 0 0 0 0 0 0 0 0 0 0 0 0 0 0 0 0 0; 0 0 0 0 0 0 0 0 0 0 0 0 0 0 0 0 0 0 0 0; 0 0 0 0 0 0 0 0 0 0 0 0 0 0 0 0 0 0 0 0; 0 0 0 0 0 0 0 0 0 0 0 0 0 0 0 0 0 0 0 0; 0 0 0 0 0 0 0 0 0 0 0 0 0 0 0 0 0 0 0 0; 0 0 0 0 0 0 0 0 0 0 0 0 0 0 0 0 0 0 0 0; 0 0 0 0 0 0 0 0 0 0 0 0 0 0 0 0 0 0 0 0], Int8[0 2 2 1 1 0 0 0 0 0 0 0 0 0 0 0 0 0 0 0; 2 2 2 1 1 0 0 0 0 0 0 0 0 0 0 0 0 0 0 0; 2 2 2 1 1 0 0 0 0 0 0 0 0 0 0 0 0 0 0 0; 2 2 2 0 0 0 0 0 0 0 0 0 0 0 0 0 0 0 0 0; 1 2 2 0 0 0 0 0 0 0 0 0 0 0 0 0 0 0 0 0; 1 1 2 0 0 0 0 0 0 0 0 0 0 0 0 0 0 0 0 0; 1 1 1 0 0 0 0 0 0 0 0 0 0 0 0 0 0 0 0 0; 1 0 0 0 0 0 0 0 0 0 0 0 0 0 0 0 0 0 0 0; 0 0 0 0 0 0 0 0 0 0 0 0 0 0 0 0 0 0 0 0; 0 0 0 0 0 0 0 0 0 0 0 0 0 0 0 0 0 0 0 0; 0 0 0 0 0 0 0 0 0 0 0 0 0 0 0 0 0 0 0 0; 0 0 0 0 0 0 0 0 0 0 0 0 0 0 0 0 0 0 0 0; 0 0 0 0 0 0 0 0 0 0 0 0 0 0 0 0 0 0 0 0; 0 0 0 0 0 0 0 0 0 0 0 0 0 0 0 0 0 0 0 0; 0 0 0 0 0 0 0 0 0 0 0 0 0 0 0 0 0 0 0 0; 0 0 0 0 0 0 0 0 0 0 0 0 0 0 0 0 0 0 0 0; 0 0 0 0 0 0 0 0 0 0 0 0 0 0 0 0 0 0 0 0; 0 0 0 0 0 0 0 0 0 0 0 0 0 0 0 0 0 0 0 0; 0 0 0 0 0 0 0 0 0 0 0 0 0 0 0 0 0 0 0 0; 0 0 0 0 0 0 0 0 0 0 0 0 0 0 0 0 0 0 0 0], Int8[1 1 1 1 0 0 0 0 0 0 0 0 0 0 0 0 0 0 0 0; 2 2 2 0 0 0 0 0 0 0 0 0 0 0 0 0 0 0 0 0; 2 2 2 0 0 0 0 0 0 0 0 0 0 0 0 0 0 0 0 0; 2 2 2 0 0 0 0 0 0 0 0 0 0 0 0 0 0 0 0 0; 1 2 2 0 0 0 0 0 0 0 0 0 0 0 0 0 0 0 0 0; 2 2 1 0 0 0 0 0 0 0 0 0 0 0 0 0 0 0 0 0; 2 1 1 0 0 0 0 0 0 0 0 0 0 0 0 0 0 0 0 0; 1 1 1 0 0 0 0 0 0 0 0 0 0 0 0 0 0 0 0 0; 0 0 1 0 0 0 0 0 0 0 0 0 0 0 0 0 0 0 0 0; 0 0 0 0 0 0 0 0 0 0 0 0 0 0 0 0 0 0 0 0; 0 0 0 0 0 0 0 0 0 0 0 0 0 0 0 0 0 0 0 0; 0 0 0 0 0 0 0 0 0 0 0 0 0 0 0 0 0 0 0 0; 0 0 0 0 0 0 0 0 0 0 0 0 0 0 0 0 0 0 0 0; 0 0 0 0 0 0 0 0 0 0 0 0 0 0 0 0 0 0 0 0; 0 0 0 0 0 0 0 0 0 0 0 0 0 0 0 0 0 0 0 0; 0 0 0 0 0 0 0 0 0 0 0 0 0 0 0 0 0 0 0 0; 0 0 0 0 0 0 0 0 0 0 0 0 0 0 0 0 0 0 0 0; 0 0 0 0 0 0 0 0 0 0 0 0 0 0 0 0 0 0 0 0; 0 0 0 0 0 0 0 0 0 0 0 0 0 0 0 0 0 0 0 0; 0 0 0 0 0 0 0 0 0 0 0 0 0 0 0 0 0 0 0 0]]";[0.0, 3.0, 3.0];[0.0, 3.605551275463989, 3.1622776601683795];[3.0, 0.0, 2.0];[3.605551275463989, 0.0, 2.23606797749979];[3.0, 2.0, 0.0];[3.1622776601683795, 2.23606797749979, 0.0]
3;0.1483375959079284;"MMatrix[Int8[2 3 4 3 3 0 0 0 0 0 0 0 0 0 0 0 0 0 0 0; 2 3 4 3 2 0 0 0 0 0 0 0 0 0 0 0 0 0 0 0; 2 3 3 2 2 0 0 0 0 0 0 0 0 0 0 0 0 0 0 0; 1 1 1 0 0 0 0 0 0 0 0 0 0 0 0 0 0 0 0 0; 0 1 0 0 0 0 0 0 0 0 0 0 0 0 0 0 0 0 0 0; 0 0 0 0 0 0 0 0 0 0 0 0 0 0 0 0 0 0 0 0; 0 0 0 0 0 0 0 0 0 0 0 0 0 0 0 0 0 0 0 0; 0 0 0 0 0 0 0 0 0 0 0 0 0 0 0 0 0 0 0 0; 0 0 0 0 0 0 0 0 0 0 0 0 0 0 0 0 0 0 0 0; 0 0 0 0 0 0 0 0 0 0 0 0 0 0 0 0 0 0 0 0; 0 0 0 0 0 0 0 0 0 0 0 0 0 0 0 0 0 0 0 0; 0 0 0 0 0 0 0 0 0 0 0 0 0 0 0 0 0 0 0 0; 0 0 0 0 0 0 0 0 0 0 0 0 0 0 0 0 0 0 0 0; 0 0 0 0 0 0 0 0 0 0 0 0 0 0 0 0 0 0 0 0; 0 0 0 0 0 0 0 0 0 0 0 0 0 0 0 0 0 0 0 0; 0 0 0 0 0 0 0 0 0 0 0 0 0 0 0 0 0 0 0 0; 0 0 0 0 0 0 0 0 0 0 0 0 0 0 0 0 0 0 0 0; 0 0 0 0 0 0 0 0 0 0 0 0 0 0 0 0 0 0 0 0; 0 0 0 0 0 0 0 0 0 0 0 0 0 0 0 0 0 0 0 0; 0 0 0 0 0 0 0 0 0 0 0 0 0 0 0 0 0 0 0 0], Int8[0 2 2 1 1 0 0 0 0 0 0 0 0 0 0 0 0 0 0 0; 2 2 2 1 1 0 0 0 0 0 0 0 0 0 0 0 0 0 0 0; 2 2 2 1 1 0 0 0 0 0 0 0 0 0 0 0 0 0 0 0; 2 2 2 0 0 0 0 0 0 0 0 0 0 0 0 0 0 0 0 0; 2 2 2 0 0 0 0 0 0 0 0 0 0 0 0 0 0 0 0 0; 2 2 2 0 0 0 0 0 0 0 0 0 0 0 0 0 0 0 0 0; 2 2 2 0 0 0 0 0 0 0 0 0 0 0 0 0 0 0 0 0; 1 1 1 1 0 0 0 0 0 0 0 0 0 0 0 0 0 0 0 0; 1 1 1 0 0 0 0 0 0 0 0 0 0 0 0 0 0 0 0 0; 1 1 1 0 0 0 0 0 0 0 0 0 0 0 0 0 0 0 0 0; 1 0 0 0 0 0 0 0 0 0 0 0 0 0 0 0 0 0 0 0; 0 0 0 0 0 0 0 0 0 0 0 0 0 0 0 0 0 0 0 0; 0 0 0 0 0 0 0 0 0 0 0 0 0 0 0 0 0 0 0 0; 0 0 0 0 0 0 0 0 0 0 0 0 0 0 0 0 0 0 0 0; 0 0 0 0 0 0 0 0 0 0 0 0 0 0 0 0 0 0 0 0; 0 0 0 0 0 0 0 0 0 0 0 0 0 0 0 0 0 0 0 0; 0 0 0 0 0 0 0 0 0 0 0 0 0 0 0 0 0 0 0 0; 0 0 0 0 0 0 0 0 0 0 0 0 0 0 0 0 0 0 0 0; 0 0 0 0 0 0 0 0 0 0 0 0 0 0 0 0 0 0 0 0; 0 0 0 0 0 0 0 0 0 0 0 0 0 0 0 0 0 0 0 0], Int8[1 1 1 1 0 0 0 0 0 0 0 0 0 0 0 0 0 0 0 0; 2 2 2 0 0 0 0 0 0 0 0 0 0 0 0 0 0 0 0 0; 2 2 2 0 0 0 0 0 0 0 0 0 0 0 0 0 0 0 0 0; 2 2 2 0 0 0 0 0 0 0 0 0 0 0 0 0 0 0 0 0; 1 2 2 0 0 0 0 0 0 0 0 0 0 0 0 0 0 0 0 0; 2 2 2 0 0 0 0 0 0 0 0 0 0 0 0 0 0 0 0 0; 3 2 2 0 0 0 0 0 0 0 0 0 0 0 0 0 0 0 0 0; 1 2 2 1 1 0 0 0 0 0 0 0 0 0 0 0 0 0 0 0; 1 1 1 1 1 0 0 0 0 0 0 0 0 0 0 0 0 0 0 0; 1 1 1 1 0 0 0 0 0 0 0 0 0 0 0 0 0 0 0 0; 1 1 1 1 1 0 0 0 0 0 0 0 0 0 0 0 0 0 0 0; 0 0 1 0 0 0 0 0 0 0 0 0 0 0 0 0 0 0 0 0; 0 0 0 0 0 0 0 0 0 0 0 0 0 0 0 0 0 0 0 0; 0 0 0 0 0 0 0 0 0 0 0 0 0 0 0 0 0 0 0 0; 0 0 0 0 0 0 0 0 0 0 0 0 0 0 0 0 0 0 0 0; 0 0 0 0 0 0 0 0 0 0 0 0 0 0 0 0 0 0 0 0; 0 0 0 0 0 0 0 0 0 0 0 0 0 0 0 0 0 0 0 0; 0 0 0 0 0 0 0 0 0 0 0 0 0 0 0 0 0 0 0 0; 0 0 0 0 0 0 0 0 0 0 0 0 0 0 0 0 0 0 0 0; 0 0 0 0 0 0 0 0 0 0 0 0 0 0 0 0 0 0 0 0]]";[0.0, 7.0, 8.0];[0.0, 7.0710678118654755, 8.06225774829855];[7.0, 0.0, 2.0];[7.0710678118654755, 0.0, 2.23606797749979];[8.0, 2.0, 0.0];[8.06225774829855, 2.23606797749979, 0.0]
4;0.1867007672634271;"MMatrix[Int8[2 4 4 3 3 0 0 0 0 0 0 0 0 0 0 0 0 0 0 0; 3 4 5 4 2 0 0 0 0 0 0 0 0 0 0 0 0 0 0 0; 3 4 4 3 2 0 0 0 0 0 0 0 0 0 0 0 0 0 0 0; 2 1 2 0 0 0 0 0 0 0 0 0 0 0 0 0 0 0 0 0; 1 2 1 0 0 0 0 0 0 0 0 0 0 0 0 0 0 0 0 0; 1 1 1 0 0 0 0 0 0 0 0 0 0 0 0 0 0 0 0 0; 0 1 0 0 0 0 0 0 0 0 0 0 0 0 0 0 0 0 0 0; 0 0 0 0 0 0 0 0 0 0 0 0 0 0 0 0 0 0 0 0; 0 0 0 0 0 0 0 0 0 0 0 0 0 0 0 0 0 0 0 0; 0 0 0 0 0 0 0 0 0 0 0 0 0 0 0 0 0 0 0 0; 0 0 0 0 0 0 0 0 0 0 0 0 0 0 0 0 0 0 0 0; 0 0 0 0 0 0 0 0 0 0 0 0 0 0 0 0 0 0 0 0; 0 0 0 0 0 0 0 0 0 0 0 0 0 0 0 0 0 0 0 0; 0 0 0 0 0 0 0 0 0 0 0 0 0 0 0 0 0 0 0 0; 0 0 0 0 0 0 0 0 0 0 0 0 0 0 0 0 0 0 0 0; 0 0 0 0 0 0 0 0 0 0 0 0 0 0 0 0 0 0 0 0; 0 0 0 0 0 0 0 0 0 0 0 0 0 0 0 0 0 0 0 0; 0 0 0 0 0 0 0 0 0 0 0 0 0 0 0 0 0 0 0 0; 0 0 0 0 0 0 0 0 0 0 0 0 0 0 0 0 0 0 0 0; 0 0 0 0 0 0 0 0 0 0 0 0 0 0 0 0 0 0 0 0], Int8[0 2 2 1 1 0 0 0 0 0 0 0 0 0 0 0 0 0 0 0; 2 2 2 1 1 0 0 0 0 0 0 0 0 0 0 0 0 0 0 0; 2 2 2 1 1 0 0 0 0 0 0 0 0 0 0 0 0 0 0 0; 2 2 2 0 0 0 0 0 0 0 0 0 0 0 0 0 0 0 0 0; 2 2 2 0 0 0 0 0 0 0 0 0 0 0 0 0 0 0 0 0; 2 3 2 0 0 0 0 0 0 0 0 0 0 0 0 0 0 0 0 0; 2 3 3 0 0 0 0 0 0 0 0 0 0 0 0 0 0 0 0 0; 2 2 2 1 1 0 0 0 0 0 0 0 0 0 0 0 0 0 0 0; 1 1 1 1 1 0 0 0 0 0 0 0 0 0 0 0 0 0 0 0; 1 1 1 1 0 0 0 0 0 0 0 0 0 0 0 0 0 0 0 0; 1 0 0 1 0 0 0 0 0 0 0 0 0 0 0 0 0 0 0 0; 0 0 0 0 0 0 0 0 0 0 0 0 0 0 0 0 0 0 0 0; 0 0 0 0 0 0 0 0 0 0 0 0 0 0 0 0 0 0 0 0; 0 0 0 0 0 0 0 0 0 0 0 0 0 0 0 0 0 0 0 0; 0 0 0 0 0 0 0 0 0 0 0 0 0 0 0 0 0 0 0 0; 0 0 0 0 0 0 0 0 0 0 0 0 0 0 0 0 0 0 0 0; 0 0 0 0 0 0 0 0 0 0 0 0 0 0 0 0 0 0 0 0; 0 0 0 0 0 0 0 0 0 0 0 0 0 0 0 0 0 0 0 0; 0 0 0 0 0 0 0 0 0 0 0 0 0 0 0 0 0 0 0 0; 0 0 0 0 0 0 0 0 0 0 0 0 0 0 0 0 0 0 0 0], Int8[1 1 1 1 0 0 0 0 0 0 0 0 0 0 0 0 0 0 0 0; 2 2 2 0 0 0 0 0 0 0 0 0 0 0 0 0 0 0 0 0; 2 2 2 0 0 0 0 0 0 0 0 0 0 0 0 0 0 0 0 0; 2 2 2 0 0 0 0 0 0 0 0 0 0 0 0 0 0 0 0 0; 1 2 2 0 0 0 0 0 0 0 0 0 0 0 0 0 0 0 0 0; 2 2 2 0 0 0 0 0 0 0 0 0 0 0 0 0 0 0 0 0; 3 2 2 0 0 0 0 0 0 0 0 0 0 0 0 0 0 0 0 0; 1 2 2 1 1 0 0 0 0 0 0 0 0 0 0 0 0 0 0 0; 1 1 2 1 1 0 0 0 0 0 0 0 0 0 0 0 0 0 0 0; 1 1 2 2 0 0 0 0 0 0 0 0 0 0 0 0 0 0 0 0; 1 2 2 2 1 1 1 1 0 0 0 0 0 0 0 0 0 0 0 0; 0 0 2 1 1 1 1 0 0 0 0 0 0 0 0 0 0 0 0 0; 0 0 1 1 1 1 1 0 0 0 0 0 0 0 0 0 0 0 0 0; 0 0 0 0 1 0 0 0 0 0 0 0 0 0 0 0 0 0 0 0; 0 0 0 0 0 0 0 0 0 0 0 0 0 0 0 0 0 0 0 0; 0 0 0 0 0 0 0 0 0 0 0 0 0 0 0 0 0 0 0 0; 0 0 0 0 0 0 0 0 0 0 0 0 0 0 0 0 0 0 0 0; 0 0 0 0 0 0 0 0 0 0 0 0 0 0 0 0 0 0 0 0; 0 0 0 0 0 0 0 0 0 0 0 0 0 0 0 0 0 0 0 0; 0 0 0 0 0 0 0 0 0 0 0 0 0 0 0 0 0 0 0 0]]";[0.0, 4.0, 7.0];[0.0, 4.47213595499958, 7.615773105863909];[4.0, 0.0, 3.0];[4.47213595499958, 0.0, 3.1622776601683795];[7.0, 3.0, 0.0];[7.615773105863909, 3.1622776601683795, 0.0]
5;0.21483375959079284;"MMatrix[Int8[2 4 4 3 3 0 0 0 0 0 0 0 0 0 0 0 0 0 0 0; 4 4 5 4 2 0 0 0 0 0 0 0 0 0 0 0 0 0 0 0; 4 5 5 3 2 0 0 0 0 0 0 0 0 0 0 0 0 0 0 0; 3 2 3 0 0 0 0 0 0 0 0 0 0 0 0 0 0 0 0 0; 1 3 2 0 0 0 0 0 0 0 0 0 0 0 0 0 0 0 0 0; 2 2 2 0 0 0 0 0 0 0 0 0 0 0 0 0 0 0 0 0; 1 2 1 0 0 0 0 0 0 0 0 0 0 0 0 0 0 0 0 0; 1 0 0 0 0 0 0 0 0 0 0 0 0 0 0 0 0 0 0 0; 0 0 0 0 0 0 0 0 0 0 0 0 0 0 0 0 0 0 0 0; 0 0 0 0 0 0 0 0 0 0 0 0 0 0 0 0 0 0 0 0; 0 0 0 0 0 0 0 0 0 0 0 0 0 0 0 0 0 0 0 0; 0 0 0 0 0 0 0 0 0 0 0 0 0 0 0 0 0 0 0 0; 0 0 0 0 0 0 0 0 0 0 0 0 0 0 0 0 0 0 0 0; 0 0 0 0 0 0 0 0 0 0 0 0 0 0 0 0 0 0 0 0; 0 0 0 0 0 0 0 0 0 0 0 0 0 0 0 0 0 0 0 0; 0 0 0 0 0 0 0 0 0 0 0 0 0 0 0 0 0 0 0 0; 0 0 0 0 0 0 0 0 0 0 0 0 0 0 0 0 0 0 0 0; 0 0 0 0 0 0 0 0 0 0 0 0 0 0 0 0 0 0 0 0; 0 0 0 0 0 0 0 0 0 0 0 0 0 0 0 0 0 0 0 0; 0 0 0 0 0 0 0 0 0 0 0 0 0 0 0 0 0 0 0 0], Int8[0 2 2 1 1 0 0 0 0 0 0 0 0 0 0 0 0 0 0 0; 2 2 2 1 1 0 0 0 0 0 0 0 0 0 0 0 0 0 0 0; 2 2 2 1 1 0 0 0 0 0 0 0 0 0 0 0 0 0 0 0; 2 2 2 0 0 0 0 0 0 0 0 0 0 0 0 0 0 0 0 0; 2 2 2 0 0 0 0 0 0 0 0 0 0 0 0 0 0 0 0 0; 2 3 2 0 0 0 0 0 0 0 0 0 0 0 0 0 0 0 0 0; 2 3 3 0 0 0 0 0 0 0 0 0 0 0 0 0 0 0 0 0; 2 3 3 2 1 0 0 0 0 0 0 0 0 0 0 0 0 0 0 0; 1 1 2 2 2 0 0 0 0 0 0 0 0 0 0 0 0 0 0 0; 1 1 2 2 0 0 0 0 0 0 0 0 0 0 0 0 0 0 0 0; 1 0 0 1 0 0 0 0 0 0 0 0 0 0 0 0 0 0 0 0; 0 0 0 0 0 0 0 0 0 0 0 0 0 0 0 0 0 0 0 0; 0 0 0 0 0 0 0 0 0 0 0 0 0 0 0 0 0 0 0 0; 0 0 0 0 0 0 0 0 0 0 0 0 0 0 0 0 0 0 0 0; 0 0 0 0 0 0 0 0 0 0 0 0 0 0 0 0 0 0 0 0; 0 0 0 0 0 0 0 0 0 0 0 0 0 0 0 0 0 0 0 0; 0 0 0 0 0 0 0 0 0 0 0 0 0 0 0 0 0 0 0 0; 0 0 0 0 0 0 0 0 0 0 0 0 0 0 0 0 0 0 0 0; 0 0 0 0 0 0 0 0 0 0 0 0 0 0 0 0 0 0 0 0; 0 0 0 0 0 0 0 0 0 0 0 0 0 0 0 0 0 0 0 0], Int8[1 1 1 1 0 0 0 0 0 0 0 0 0 0 0 0 0 0 0 0; 2 2 2 0 0 0 0 0 0 0 0 0 0 0 0 0 0 0 0 0; 2 2 2 0 0 0 0 0 0 0 0 0 0 0 0 0 0 0 0 0; 2 2 2 0 0 0 0 0 0 0 0 0 0 0 0 0 0 0 0 0; 1 2 2 0 0 0 0 0 0 0 0 0 0 0 0 0 0 0 0 0; 2 2 2 0 0 0 0 0 0 0 0 0 0 0 0 0 0 0 0 0; 3 2 2 0 0 0 0 0 0 0 0 0 0 0 0 0 0 0 0 0; 1 2 2 1 1 0 0 0 0 0 0 0 0 0 0 0 0 0 0 0; 1 1 2 1 1 0 0 0 0 0 0 0 0 0 0 0 0 0 0 0; 1 1 2 2 0 0 0 0 0 0 0 0 0 0 0 0 0 0 0 0; 1 2 2 2 2 2 2 2 1 0 0 0 0 0 0 0 0 0 0 0; 0 0 2 1 2 2 2 1 1 0 0 0 0 0 0 0 0 0 0 0; 0 0 1 2 2 2 1 1 1 1 0 0 0 0 0 0 0 0 0 0; 0 0 0 0 1 0 0 0 0 0 0 0 0 0 0 0 0 0 0 0; 0 0 0 0 0 0 0 0 0 0 0 0 0 0 0 0 0 0 0 0; 0 0 0 0 0 0 0 0 0 0 0 0 0 0 0 0 0 0 0 0; 0 0 0 0 0 0 0 0 0 0 0 0 0 0 0 0 0 0 0 0; 0 0 0 0 0 0 0 0 0 0 0 0 0 0 0 0 0 0 0 0; 0 0 0 0 0 0 0 0 0 0 0 0 0 0 0 0 0 0 0 0; 0 0 0 0 0 0 0 0 0 0 0 0 0 0 0 0 0 0 0 0]]";[0.0, 4.0, 8.0];[0.0, 5.0, 10.0];[4.0, 0.0, 5.0];[5.0, 0.0, 5.385164807134504];[8.0, 5.0, 0.0];[10.0, 5.385164807134504, 0.0]
6;0.2531969309462916;"MMatrix[Int8[3 5 5 4 4 0 0 0 0 0 0 0 0 0 0 0 0 0 0 0; 5 5 6 5 3 0 0 0 0 0 0 0 0 0 0 0 0 0 0 0; 5 6 5 4 3 0 0 0 0 0 0 0 0 0 0 0 0 0 0 0; 4 3 4 0 0 0 0 0 0 0 0 0 0 0 0 0 0 0 0 0; 2 4 3 0 0 0 0 0 0 0 0 0 0 0 0 0 0 0 0 0; 2 2 3 0 0 0 0 0 0 0 0 0 0 0 0 0 0 0 0 0; 1 2 1 0 0 0 0 0 0 0 0 0 0 0 0 0 0 0 0 0; 1 0 0 0 0 0 0 0 0 0 0 0 0 0 0 0 0 0 0 0; 0 0 0 0 0 0 0 0 0 0 0 0 0 0 0 0 0 0 0 0; 0 0 0 0 0 0 0 0 0 0 0 0 0 0 0 0 0 0 0 0; 0 0 0 0 0 0 0 0 0 0 0 0 0 0 0 0 0 0 0 0; 0 0 0 0 0 0 0 0 0 0 0 0 0 0 0 0 0 0 0 0; 0 0 0 0 0 0 0 0 0 0 0 0 0 0 0 0 0 0 0 0; 0 0 0 0 0 0 0 0 0 0 0 0 0 0 0 0 0 0 0 0; 0 0 0 0 0 0 0 0 0 0 0 0 0 0 0 0 0 0 0 0; 0 0 0 0 0 0 0 0 0 0 0 0 0 0 0 0 0 0 0 0; 0 0 0 0 0 0 0 0 0 0 0 0 0 0 0 0 0 0 0 0; 0 0 0 0 0 0 0 0 0 0 0 0 0 0 0 0 0 0 0 0; 0 0 0 0 0 0 0 0 0 0 0 0 0 0 0 0 0 0 0 0; 0 0 0 0 0 0 0 0 0 0 0 0 0 0 0 0 0 0 0 0], Int8[0 2 2 1 1 0 0 0 0 0 0 0 0 0 0 0 0 0 0 0; 2 2 2 1 1 0 0 0 0 0 0 0 0 0 0 0 0 0 0 0; 2 2 2 1 1 0 0 0 0 0 0 0 0 0 0 0 0 0 0 0; 2 2 2 0 0 0 0 0 0 0 0 0 0 0 0 0 0 0 0 0; 2 2 2 0 0 0 0 0 0 0 0 0 0 0 0 0 0 0 0 0; 2 3 2 0 0 0 0 0 0 0 0 0 0 0 0 0 0 0 0 0; 2 3 4 0 0 0 0 0 0 0 0 0 0 0 0 0 0 0 0 0; 3 4 4 3 2 0 0 0 0 0 0 0 0 0 0 0 0 0 0 0; 2 2 3 3 3 0 0 0 0 0 0 0 0 0 0 0 0 0 0 0; 2 2 2 3 0 0 0 0 0 0 0 0 0 0 0 0 0 0 0 0; 2 1 1 2 1 0 0 0 0 0 0 0 0 0 0 0 0 0 0 0; 1 1 1 1 1 0 0 0 0 0 0 0 0 0 0 0 0 0 0 0; 0 0 1 0 0 0 0 0 0 0 0 0 0 0 0 0 0 0 0 0; 0 0 0 0 0 0 0 0 0 0 0 0 0 0 0 0 0 0 0 0; 0 0 0 0 0 0 0 0 0 0 0 0 0 0 0 0 0 0 0 0; 0 0 0 0 0 0 0 0 0 0 0 0 0 0 0 0 0 0 0 0; 0 0 0 0 0 0 0 0 0 0 0 0 0 0 0 0 0 0 0 0; 0 0 0 0 0 0 0 0 0 0 0 0 0 0 0 0 0 0 0 0; 0 0 0 0 0 0 0 0 0 0 0 0 0 0 0 0 0 0 0 0; 0 0 0 0 0 0 0 0 0 0 0 0 0 0 0 0 0 0 0 0], Int8[1 1 1 1 0 0 0 0 0 0 0 0 0 0 0 0 0 0 0 0; 2 2 2 0 0 0 0 0 0 0 0 0 0 0 0 0 0 0 0 0; 2 2 2 0 0 0 0 0 0 0 0 0 0 0 0 0 0 0 0 0; 2 2 2 0 0 0 0 0 0 0 0 0 0 0 0 0 0 0 0 0; 1 2 2 0 0 0 0 0 0 0 0 0 0 0 0 0 0 0 0 0; 2 2 2 0 0 0 0 0 0 0 0 0 0 0 0 0 0 0 0 0; 3 2 2 0 0 0 0 0 0 0 0 0 0 0 0 0 0 0 0 0; 1 2 2 1 1 0 0 0 0 0 0 0 0 0 0 0 0 0 0 0; 1 1 2 1 1 0 0 0 0 0 0 0 0 0 0 0 0 0 0 0; 1 1 2 2 0 0 0 0 0 1 0 0 0 0 0 0 0 0 0 0; 1 2 2 2 2 2 2 3 2 1 1 1 0 0 0 0 0 0 0 0; 0 0 2 1 2 2 2 2 2 1 1 1 0 0 0 0 0 0 0 0; 0 0 1 2 2 2 2 2 2 1 1 1 1 0 0 0 0 0 0 0; 0 0 0 0 1 0 0 0 0 0 0 0 0 0 0 0 0 0 0 0; 0 0 0 0 0 0 0 0 0 0 0 0 0 0 0 0 0 0 0 0; 0 0 0 0 0 0 0 0 0 0 0 0 0 0 0 0 0 0 0 0; 0 0 0 0 0 0 0 0 0 0 0 0 0 0 0 0 0 0 0 0; 0 0 0 0 0 0 0 0 0 0 0 0 0 0 0 0 0 0 0 0; 0 0 0 0 0 0 0 0 0 0 0 0 0 0 0 0 0 0 0 0; 0 0 0 0 0 0 0 0 0 0 0 0 0 0 0 0 0 0 0 0]]";[0.0, 7.0, 13.0];[0.0, 7.0, 12.206555615733702];[7.0, 0.0, 7.0];[7.0, 0.0, 7.615773105863909];[13.0, 7.0, 0.0];[12.206555615733702, 7.615773105863909, 0.0]
7;0.30179028132992325;"MMatrix[Int8[3 6 6 5 4 0 0 0 0 0 0 0 0 0 0 0 0 0 0 0; 6 6 7 5 3 0 0 0 0 0 0 0 0 0 0 0 0 0 0 0; 6 7 6 4 3 0 0 0 0 0 0 0 0 0 0 0 0 0 0 0; 5 3 4 0 0 0 0 0 0 0 0 0 0 0 0 0 0 0 0 0; 2 4 3 0 0 0 0 0 0 0 0 0 0 0 0 0 0 0 0 0; 2 2 3 0 0 0 0 0 0 0 0 0 0 0 0 0 0 0 0 0; 1 2 1 0 0 0 0 0 0 0 0 0 0 0 0 0 0 0 0 0; 1 0 0 0 0 0 0 0 0 0 0 0 0 0 0 0 0 0 0 0; 0 0 0 0 0 0 0 0 0 0 0 0 0 0 0 0 0 0 0 0; 0 0 0 0 0 0 0 0 0 0 0 0 0 0 0 0 0 0 0 0; 0 0 0 0 0 0 0 0 0 0 0 0 0 0 0 0 0 0 0 0; 0 0 0 0 0 0 0 0 0 0 0 0 0 0 0 0 0 0 0 0; 0 0 0 0 0 0 0 0 0 0 0 0 0 0 0 0 0 0 0 0; 0 0 0 0 0 0 0 0 0 0 0 0 0 0 0 0 0 0 0 0; 0 0 0 0 0 0 0 0 0 0 0 0 0 0 0 0 0 0 0 0; 0 0 0 0 0 0 0 0 0 0 0 0 0 0 0 0 0 0 0 0; 0 0 0 0 0 0 0 0 0 0 0 0 0 0 0 0 0 0 0 0; 0 0 0 0 0 0 0 0 0 0 0 0 0 0 0 0 0 0 0 0; 0 0 0 0 0 0 0 0 0 0 0 0 0 0 0 0 0 0 0 0; 0 0 0 0 0 0 0 0 0 0 0 0 0 0 0 0 0 0 0 0], Int8[0 2 2 1 1 0 0 0 0 0 0 0 0 0 0 0 0 0 0 0; 2 2 2 1 1 0 0 0 0 0 0 0 0 0 0 0 0 0 0 0; 2 2 2 1 1 0 0 0 0 0 0 0 0 0 0 0 0 0 0 0; 2 2 2 0 0 0 0 0 0 0 0 0 0 0 0 0 0 0 0 0; 2 2 2 0 0 0 0 0 0 0 0 0 0 0 0 0 0 0 0 0; 2 3 2 0 0 0 0 0 0 0 0 0 0 0 0 0 0 0 0 0; 2 3 4 0 0 0 0 0 0 0 0 0 0 0 0 0 0 0 0 0; 3 4 4 3 2 0 0 0 0 0 0 0 0 0 0 0 0 0 0 0; 3 2 3 3 3 0 0 0 0 0 0 0 0 0 0 0 0 0 0 0; 3 3 3 3 0 0 0 0 0 0 0 0 0 0 0 0 0 0 0 0; 3 2 2 2 1 0 0 0 0 0 0 0 0 0 0 0 0 0 0 0; 1 2 2 2 1 0 0 0 0 0 0 0 0 0 0 0 0 0 0 0; 1 1 2 0 0 0 0 0 0 0 0 0 0 0 0 0 0 0 0 0; 0 0 0 0 0 0 0 0 0 0 0 0 0 0 0 0 0 0 0 0; 0 0 0 0 0 0 0 0 0 0 0 0 0 0 0 0 0 0 0 0; 0 0 0 0 0 0 0 0 0 0 0 0 0 0 0 0 0 0 0 0; 0 0 0 0 0 0 0 0 0 0 0 0 0 0 0 0 0 0 0 0; 0 0 0 0 0 0 0 0 0 0 0 0 0 0 0 0 0 0 0 0; 0 0 0 0 0 0 0 0 0 0 0 0 0 0 0 0 0 0 0 0; 0 0 0 0 0 0 0 0 0 0 0 0 0 0 0 0 0 0 0 0], Int8[1 1 1 1 0 0 0 0 0 0 0 0 0 0 0 0 0 0 0 0; 2 2 2 0 0 0 0 0 0 0 0 0 0 0 0 0 0 0 0 0; 2 2 2 0 0 0 0 0 0 0 0 0 0 0 0 0 0 0 0 0; 2 2 2 0 0 0 0 0 0 0 0 0 0 0 0 0 0 0 0 0; 1 2 2 0 0 0 0 0 0 0 0 0 0 0 0 0 0 0 0 0; 2 2 2 0 0 0 0 0 0 0 0 0 0 0 0 0 0 0 0 0; 3 2 2 0 0 0 0 0 0 0 0 0 0 0 0 0 0 0 0 0; 1 2 2 1 1 0 0 0 0 0 0 1 0 0 0 0 0 0 0 0; 1 1 2 1 1 0 0 0 0 1 1 1 0 0 0 0 0 0 0 0; 1 1 2 2 0 0 0 0 0 2 1 1 0 0 0 0 0 0 0 0; 1 2 2 2 2 2 2 3 3 2 2 1 1 1 1 0 0 0 0 0; 0 0 2 1 2 2 2 2 2 2 2 2 1 1 0 0 0 0 0 0; 0 0 1 2 2 2 2 2 2 2 2 2 2 1 0 0 0 0 0 0; 0 0 0 0 1 0 0 0 0 0 0 0 0 0 0 0 0 0 0 0; 0 0 0 0 0 0 0 0 0 0 0 0 0 0 0 0 0 0 0 0; 0 0 0 0 0 0 0 0 0 0 0 0 0 0 0 0 0 0 0 0; 0 0 0 0 0 0 0 0 0 0 0 0 0 0 0 0 0 0 0 0; 0 0 0 0 0 0 0 0 0 0 0 0 0 0 0 0 0 0 0 0; 0 0 0 0 0 0 0 0 0 0 0 0 0 0 0 0 0 0 0 0; 0 0 0 0 0 0 0 0 0 0 0 0 0 0 0 0 0 0 0 0]]";[0.0, 11.0, 17.0];[0.0, 11.0, 14.866068747318506];[11.0, 0.0, 11.0];[11.0, 0.0, 11.045361017187261];[17.0, 11.0, 0.0];[14.866068747318506, 11.045361017187261, 0.0]
8;0.34271099744245526;"MMatrix[Int8[4 7 7 6 5 0 0 0 0 0 0 0 0 0 0 0 0 0 0 0; 7 7 8 6 4 0 0 0 0 0 0 0 0 0 0 0 0 0 0 0; 7 8 6 5 4 0 0 0 0 0 0 0 0 0 0 0 0 0 0 0; 6 4 5 0 0 0 0 0 0 0 0 0 0 0 0 0 0 0 0 0; 3 5 4 0 0 0 0 0 0 0 0 0 0 0 0 0 0 0 0 0; 2 2 4 0 0 0 0 0 0 0 0 0 0 0 0 0 0 0 0 0; 1 2 1 0 0 0 0 0 0 0 0 0 0 0 0 0 0 0 0 0; 1 0 0 0 0 0 0 0 0 0 0 0 0 0 0 0 0 0 0 0; 0 0 0 0 0 0 0 0 0 0 0 0 0 0 0 0 0 0 0 0; 0 0 0 0 0 0 0 0 0 0 0 0 0 0 0 0 0 0 0 0; 0 0 0 0 0 0 0 0 0 0 0 0 0 0 0 0 0 0 0 0; 0 0 0 0 0 0 0 0 0 0 0 0 0 0 0 0 0 0 0 0; 0 0 0 0 0 0 0 0 0 0 0 0 0 0 0 0 0 0 0 0; 0 0 0 0 0 0 0 0 0 0 0 0 0 0 0 0 0 0 0 0; 0 0 0 0 0 0 0 0 0 0 0 0 0 0 0 0 0 0 0 0; 0 0 0 0 0 0 0 0 0 0 0 0 0 0 0 0 0 0 0 0; 0 0 0 0 0 0 0 0 0 0 0 0 0 0 0 0 0 0 0 0; 0 0 0 0 0 0 0 0 0 0 0 0 0 0 0 0 0 0 0 0; 0 0 0 0 0 0 0 0 0 0 0 0 0 0 0 0 0 0 0 0; 0 0 0 0 0 0 0 0 0 0 0 0 0 0 0 0 0 0 0 0], Int8[0 2 2 1 1 0 0 0 0 0 0 0 0 0 0 0 0 0 0 0; 2 2 2 1 1 0 0 0 0 0 0 0 0 0 0 0 0 0 0 0; 2 2 2 1 1 0 0 0 0 0 0 0 0 0 0 0 0 0 0 0; 2 2 2 0 0 0 0 0 0 0 0 0 0 0 0 0 0 0 0 0; 2 2 2 0 0 0 0 0 0 0 0 0 0 0 0 0 0 0 0 0; 2 3 2 0 0 0 0 0 0 0 0 0 0 0 0 0 0 0 0 0; 2 3 4 0 0 0 0 0 0 0 0 0 0 0 0 0 0 0 0 0; 3 4 4 3 2 0 0 0 0 0 0 0 0 0 0 0 0 0 0 0; 3 2 3 4 3 0 0 0 0 0 0 0 0 0 0 0 0 0 0 0; 3 4 4 4 0 0 0 0 0 0 0 0 0 0 0 0 0 0 0 0; 3 3 3 3 2 1 0 0 0 0 0 0 0 0 0 0 0 0 0 0; 2 3 3 2 2 1 1 0 0 0 0 0 0 0 0 0 0 0 0 0; 1 2 3 1 1 1 0 0 0 0 0 0 0 0 0 0 0 0 0 0; 0 0 0 1 1 0 0 0 0 0 0 0 0 0 0 0 0 0 0 0; 0 0 0 1 0 0 0 0 0 0 0 0 0 0 0 0 0 0 0 0; 0 0 0 0 0 0 0 0 0 0 0 0 0 0 0 0 0 0 0 0; 0 0 0 0 0 0 0 0 0 0 0 0 0 0 0 0 0 0 0 0; 0 0 0 0 0 0 0 0 0 0 0 0 0 0 0 0 0 0 0 0; 0 0 0 0 0 0 0 0 0 0 0 0 0 0 0 0 0 0 0 0; 0 0 0 0 0 0 0 0 0 0 0 0 0 0 0 0 0 0 0 0], Int8[1 1 1 1 0 0 0 0 0 0 0 0 0 0 0 0 0 0 0 0; 2 2 2 0 0 0 0 0 0 0 0 0 0 0 0 0 0 0 0 0; 2 2 2 0 0 0 0 0 0 0 0 0 0 0 0 0 0 0 0 0; 2 2 2 0 0 0 0 0 0 0 0 0 0 0 0 0 0 0 0 0; 1 2 2 0 0 0 0 0 0 0 0 0 0 0 0 0 0 0 0 0; 2 2 2 0 0 0 0 0 0 0 0 0 0 0 0 0 0 0 0 0; 3 2 2 0 0 0 0 0 0 0 0 0 0 0 0 0 0 0 0 0; 1 2 2 1 1 0 0 0 0 0 0 1 0 0 1 0 0 0 0 0; 1 1 2 1 1 0 0 0 0 1 1 1 0 1 1 1 1 0 0 0; 1 1 2 2 0 0 0 0 0 2 1 1 0 1 1 1 0 0 0 0; 1 2 2 2 2 2 2 3 3 2 2 2 2 2 1 0 0 0 0 0; 0 0 2 1 2 2 2 2 2 2 2 2 2 2 1 0 0 0 0 0; 0 0 1 2 2 2 2 2 2 2 2 2 3 2 1 0 0 0 0 0; 0 0 0 0 1 0 0 0 0 0 0 0 0 0 1 0 0 0 0 0; 0 0 0 0 0 0 0 0 0 0 0 0 0 0 0 0 0 0 0 0; 0 0 0 0 0 0 0 0 0 0 0 0 0 0 0 0 0 0 0 0; 0 0 0 0 0 0 0 0 0 0 0 0 0 0 0 0 0 0 0 0; 0 0 0 0 0 0 0 0 0 0 0 0 0 0 0 0 0 0 0 0; 0 0 0 0 0 0 0 0 0 0 0 0 0 0 0 0 0 0 0 0; 0 0 0 0 0 0 0 0 0 0 0 0 0 0 0 0 0 0 0 0]]";[0.0, 9.0, 18.0];[0.0, 9.055385138137417, 14.422205101855956];[9.0, 0.0, 11.0];[9.055385138137417, 0.0, 11.045361017187261];[18.0, 11.0, 0.0];[14.422205101855956, 11.045361017187261, 0.0]
9;0.4194373401534527;"MMatrix[Int8[5 8 7 7 6 0 0 0 0 0 0 0 0 0 0 0 0 0 0 0; 8 8 9 7 5 0 0 0 0 0 0 0 0 0 0 0 0 0 0 0; 8 9 7 6 5 0 0 0 0 0 0 0 0 0 0 0 0 0 0 0; 6 4 6 0 0 0 0 0 0 0 0 0 0 0 0 0 0 0 0 0; 3 5 4 0 0 0 0 0 0 0 0 0 0 0 0 0 0 0 0 0; 2 2 4 0 0 0 0 0 0 0 0 0 0 0 0 0 0 0 0 0; 1 2 1 0 0 0 0 0 0 0 0 0 0 0 0 0 0 0 0 0; 1 0 0 0 0 0 0 0 0 0 0 0 0 0 0 0 0 0 0 0; 0 0 0 0 0 0 0 0 0 0 0 0 0 0 0 0 0 0 0 0; 0 0 0 0 0 0 0 0 0 0 0 0 0 0 0 0 0 0 0 0; 0 0 0 0 0 0 0 0 0 0 0 0 0 0 0 0 0 0 0 0; 0 0 0 0 0 0 0 0 0 0 0 0 0 0 0 0 0 0 0 0; 0 0 0 0 0 0 0 0 0 0 0 0 0 0 0 0 0 0 0 0; 0 0 0 0 0 0 0 0 0 0 0 0 0 0 0 0 0 0 0 0; 0 0 0 0 0 0 0 0 0 0 0 0 0 0 0 0 0 0 0 0; 0 0 0 0 0 0 0 0 0 0 0 0 0 0 0 0 0 0 0 0; 0 0 0 0 0 0 0 0 0 0 0 0 0 0 0 0 0 0 0 0; 0 0 0 0 0 0 0 0 0 0 0 0 0 0 0 0 0 0 0 0; 0 0 0 0 0 0 0 0 0 0 0 0 0 0 0 0 0 0 0 0; 0 0 0 0 0 0 0 0 0 0 0 0 0 0 0 0 0 0 0 0], Int8[0 2 2 1 1 0 0 0 0 0 0 0 0 0 0 0 0 0 0 0; 2 2 2 1 1 0 0 0 0 0 0 0 0 0 0 0 0 0 0 0; 2 2 2 1 1 0 0 0 0 0 0 0 0 0 0 0 0 0 0 0; 2 2 2 0 0 0 0 0 0 0 0 0 0 0 0 0 0 0 0 0; 2 2 2 0 0 0 0 0 0 0 0 0 0 0 0 0 0 0 0 0; 2 3 2 0 0 0 0 0 0 0 0 0 0 0 0 0 0 0 0 0; 2 3 4 0 0 0 0 0 0 0 0 0 0 0 0 0 0 0 0 0; 3 4 4 3 2 0 0 0 0 0 0 0 0 0 0 0 0 0 0 0; 3 2 3 4 3 0 0 0 0 0 0 0 0 0 0 0 0 0 0 0; 3 4 4 4 0 0 0 0 0 0 0 0 0 0 0 0 0 0 0 0; 3 3 3 3 2 1 0 0 0 0 0 0 0 0 0 0 0 0 0 0; 2 3 3 3 2 1 1 0 0 0 0 0 0 0 0 0 0 0 0 0; 1 2 3 2 2 2 0 0 0 0 0 0 0 0 0 0 0 0 0 0; 0 0 0 2 2 0 0 0 0 0 0 0 0 0 0 0 0 0 0 0; 0 0 0 1 1 0 0 0 0 0 0 0 0 0 0 0 0 0 0 0; 0 0 0 1 1 0 0 0 0 0 0 0 0 0 0 0 0 0 0 0; 0 0 0 1 1 0 0 0 0 0 0 0 0 0 0 0 0 0 0 0; 0 0 0 1 0 0 0 0 0 0 0 0 0 0 0 0 0 0 0 0; 0 0 0 0 0 0 0 0 0 0 0 0 0 0 0 0 0 0 0 0; 0 0 0 0 0 0 0 0 0 0 0 0 0 0 0 0 0 0 0 0], Int8[1 1 1 1 0 0 0 0 0 0 0 0 0 0 0 0 0 0 0 0; 2 2 2 0 0 0 0 0 0 0 0 0 0 0 0 0 0 0 0 0; 2 2 2 0 0 0 0 0 0 0 0 0 0 0 0 0 0 0 0 0; 2 2 2 0 0 0 0 0 0 0 0 0 0 0 0 0 0 0 0 0; 1 2 2 0 0 0 0 0 0 0 0 0 0 0 0 0 0 0 0 0; 2 2 2 0 0 0 0 0 0 0 0 0 0 0 0 0 1 0 0 0; 3 2 2 0 0 0 0 0 0 0 0 0 0 0 1 1 1 1 0 0; 1 2 2 1 1 0 0 0 0 0 0 1 0 0 2 1 1 1 1 0; 1 1 2 1 1 0 0 0 0 1 1 1 0 2 2 2 1 1 1 1; 1 1 2 2 0 0 0 0 0 2 1 1 0 1 2 2 1 1 1 0; 1 2 2 2 2 2 2 3 3 2 2 2 2 2 2 0 0 1 1 0; 0 0 2 1 2 2 2 2 2 2 2 2 2 2 1 0 0 0 0 0; 0 0 1 2 2 2 2 2 2 2 2 2 3 2 1 0 0 0 0 0; 0 0 0 0 1 0 0 0 0 0 0 0 0 0 1 0 0 0 0 0; 0 0 0 0 0 0 0 0 0 0 0 0 0 0 0 0 0 0 0 0; 0 0 0 0 0 0 0 0 0 0 0 0 0 0 0 0 0 0 0 0; 0 0 0 0 0 0 0 0 0 0 0 0 0 0 0 0 0 0 0 0; 0 0 0 0 0 0 0 0 0 0 0 0 0 0 0 0 0 0 0 0; 0 0 0 0 0 0 0 0 0 0 0 0 0 0 0 0 0 0 0 0; 0 0 0 0 0 0 0 0 0 0 0 0 0 0 0 0 0 0 0 0]]";[0.0, 14.0, 22.0];[0.0, 14.035668847618199, 16.1245154965971];[14.0, 0.0, 13.0];[14.035668847618199, 0.0, 14.317821063276353];[22.0, 13.0, 0.0];[16.1245154965971, 14.317821063276353, 0.0]
10;0.49872122762148335;"MMatrix[Int8[5 8 8 8 7 0 0 0 0 0 0 0 0 0 0 0 0 0 0 0; 8 8 10 8 6 0 0 0 0 0 0 0 0 0 0 0 0 0 0 0; 8 10 8 7 5 0 0 0 0 0 0 0 0 0 0 0 0 0 0 0; 6 4 6 0 0 0 0 0 0 0 0 0 0 0 0 0 0 0 0 0; 3 5 4 0 0 0 0 0 0 0 0 0 0 0 0 0 0 0 0 0; 2 2 4 0 0 0 0 0 0 0 0 0 0 0 0 0 0 0 0 0; 1 2 1 0 0 0 0 0 0 0 0 0 0 0 0 0 0 0 0 0; 1 0 0 0 0 0 0 0 0 0 0 0 0 0 0 0 0 0 0 0; 0 0 0 0 0 0 0 0 0 0 0 0 0 0 0 0 0 0 0 0; 0 0 0 0 0 0 0 0 0 0 0 0 0 0 0 0 0 0 0 0; 0 0 0 0 0 0 0 0 0 0 0 0 0 0 0 0 0 0 0 0; 0 0 0 0 0 0 0 0 0 0 0 0 0 0 0 0 0 0 0 0; 0 0 0 0 0 0 0 0 0 0 0 0 0 0 0 0 0 0 0 0; 0 0 0 0 0 0 0 0 0 0 0 0 0 0 0 0 0 0 0 0; 0 0 0 0 0 0 0 0 0 0 0 0 0 0 0 0 0 0 0 0; 0 0 0 0 0 0 0 0 0 0 0 0 0 0 0 0 0 0 0 0; 0 0 0 0 0 0 0 0 0 0 0 0 0 0 0 0 0 0 0 0; 0 0 0 0 0 0 0 0 0 0 0 0 0 0 0 0 0 0 0 0; 0 0 0 0 0 0 0 0 0 0 0 0 0 0 0 0 0 0 0 0; 0 0 0 0 0 0 0 0 0 0 0 0 0 0 0 0 0 0 0 0], Int8[0 2 2 1 1 0 0 0 0 0 0 0 0 0 0 0 0 0 0 0; 2 2 2 1 1 0 0 0 0 0 0 0 0 0 0 0 0 0 0 0; 2 2 2 1 1 0 0 0 0 0 0 0 0 0 0 0 0 0 0 0; 2 2 2 0 0 0 0 0 0 0 0 0 0 0 0 0 0 0 0 0; 2 2 2 0 0 0 0 0 0 0 0 0 0 0 0 0 0 0 0 0; 2 3 2 0 0 0 0 0 0 0 0 0 0 0 0 0 0 0 0 0; 2 3 4 0 0 0 0 0 0 0 0 0 0 0 0 0 0 0 0 0; 3 4 4 3 2 0 0 0 0 0 0 0 0 0 0 0 0 0 0 0; 3 2 3 4 3 0 0 0 0 0 0 0 0 0 0 0 0 0 0 0; 3 4 4 4 0 0 0 0 0 0 0 0 0 0 0 0 0 0 0 0; 3 3 3 3 2 1 0 0 0 0 0 0 0 0 0 0 0 0 0 0; 2 3 3 3 2 1 1 0 0 0 0 0 0 0 0 0 0 0 0 0; 1 2 3 2 2 2 0 0 0 0 0 0 0 0 0 0 0 0 0 0; 0 0 0 2 2 0 0 0 0 0 0 0 0 0 0 0 0 0 0 0; 0 0 0 2 1 0 0 0 0 0 0 0 0 0 0 0 0 0 0 0; 0 0 0 2 2 0 0 0 0 0 0 0 0 0 0 0 0 0 0 0; 0 0 0 2 2 0 0 0 0 0 0 0 0 0 0 0 0 0 0 0; 1 1 1 1 1 1 1 0 0 0 0 0 0 0 0 0 0 0 0 0; 0 1 1 1 1 1 0 0 0 0 0 0 0 0 0 0 0 0 0 0; 0 1 1 1 1 1 0 0 0 0 0 0 0 0 0 0 0 0 0 0], Int8[1 1 1 1 0 0 0 0 0 0 0 0 0 0 0 0 0 0 0 0; 2 2 2 0 0 0 0 0 0 0 0 0 0 0 0 0 0 0 0 0; 2 2 2 0 0 0 0 0 0 0 0 0 0 0 0 0 1 0 0 0; 2 2 2 0 0 0 0 0 0 0 0 0 0 0 0 0 1 1 0 0; 1 2 2 0 0 0 0 0 0 0 0 0 0 0 0 0 1 1 0 0; 2 2 2 0 0 0 0 0 0 0 0 0 0 1 1 1 1 1 0 0; 3 2 2 0 0 0 0 0 0 0 0 0 0 0 2 2 2 2 0 0; 1 2 2 1 1 0 0 0 0 0 0 1 0 0 3 2 2 2 2 0; 1 1 2 1 1 0 0 0 0 1 1 1 0 2 2 2 2 1 1 1; 1 1 2 2 0 0 0 0 0 2 1 1 0 1 2 2 1 1 1 0; 1 2 2 2 2 2 2 3 3 2 2 2 2 2 2 0 0 1 1 0; 0 0 2 1 2 2 2 2 2 2 2 2 2 2 1 0 0 0 0 0; 0 0 1 2 2 2 2 2 2 2 2 2 3 2 1 0 0 0 0 0; 0 0 0 0 1 0 0 0 0 0 0 0 0 0 1 0 0 0 0 0; 0 0 0 0 0 0 0 0 0 0 0 0 0 0 0 0 0 0 0 0; 0 0 0 0 0 0 0 0 0 0 0 0 0 0 0 0 0 0 0 0; 0 0 0 0 0 0 0 0 0 0 0 0 0 0 0 0 0 0 0 0; 0 0 0 0 0 0 0 0 0 0 0 0 0 0 0 0 0 0 0 0; 0 0 0 0 0 0 0 0 0 0 0 0 0 0 0 0 0 0 0 0; 0 0 0 0 0 0 0 0 0 0 0 0 0 0 0 0 0 0 0 0]]";[0.0, 16.0, 22.0];[0.0, 15.033296378372908, 12.36931687685298];[16.0, 0.0, 17.0];[15.033296378372908, 0.0, 17.69180601295413];[22.0, 17.0, 0.0];[12.36931687685298, 17.69180601295413, 0.0]
11;0.578005115089514;"MMatrix[Int8[6 9 8 9 8 0 0 0 0 0 0 0 0 0 0 0 0 0 0 0; 9 9 11 9 7 0 0 0 0 0 0 0 0 0 0 0 0 0 0 0; 9 11 9 8 6 0 0 0 0 0 0 0 0 0 0 0 0 0 0 0; 6 4 7 0 0 0 0 0 0 0 0 0 0 0 0 0 0 0 0 0; 3 5 4 0 0 0 0 0 0 0 0 0 0 0 0 0 0 0 0 0; 2 2 4 0 0 0 0 0 0 0 0 0 0 0 0 0 0 0 0 0; 1 2 1 0 0 0 0 0 0 0 0 0 0 0 0 0 0 0 0 0; 1 0 0 0 0 0 0 0 0 0 0 0 0 0 0 0 0 0 0 0; 0 0 0 0 0 0 0 0 0 0 0 0 0 0 0 0 0 0 0 0; 0 0 0 0 0 0 0 0 0 0 0 0 0 0 0 0 0 0 0 0; 0 0 0 0 0 0 0 0 0 0 0 0 0 0 0 0 0 0 0 0; 0 0 0 0 0 0 0 0 0 0 0 0 0 0 0 0 0 0 0 0; 0 0 0 0 0 0 0 0 0 0 0 0 0 0 0 0 0 0 0 0; 0 0 0 0 0 0 0 0 0 0 0 0 0 0 0 0 0 0 0 0; 0 0 0 0 0 0 0 0 0 0 0 0 0 0 0 0 0 0 0 0; 0 0 0 0 0 0 0 0 0 0 0 0 0 0 0 0 0 0 0 0; 0 0 0 0 0 0 0 0 0 0 0 0 0 0 0 0 0 0 0 0; 0 0 0 0 0 0 0 0 0 0 0 0 0 0 0 0 0 0 0 0; 0 0 0 0 0 0 0 0 0 0 0 0 0 0 0 0 0 0 0 0; 0 0 0 0 0 0 0 0 0 0 0 0 0 0 0 0 0 0 0 0], Int8[0 2 2 1 1 0 0 0 0 0 0 0 0 0 0 0 0 0 0 0; 2 2 2 1 1 0 0 0 0 0 0 0 0 0 0 0 0 0 0 0; 2 2 2 1 1 0 0 0 0 0 0 0 0 0 0 0 0 0 0 0; 2 2 2 0 0 0 0 0 0 0 0 0 0 0 0 0 0 0 0 0; 2 2 2 0 0 0 0 0 0 0 0 0 0 0 0 0 0 0 0 0; 2 3 2 0 0 0 0 0 0 0 0 0 0 0 0 0 0 0 0 0; 2 3 4 0 0 0 0 0 0 0 0 0 0 0 0 0 0 0 0 0; 3 4 4 3 2 0 0 0 0 0 0 0 0 0 0 0 0 0 0 0; 3 2 3 4 3 0 0 0 0 0 0 0 0 0 0 0 0 0 0 0; 3 4 4 4 0 0 0 0 0 0 0 0 0 0 0 0 0 0 0 0; 3 3 3 3 2 1 0 0 0 0 0 0 0 0 0 0 0 0 0 0; 2 3 3 3 2 1 1 0 0 0 0 0 0 0 0 0 0 0 0 0; 1 2 3 2 2 2 0 0 0 0 0 0 0 0 0 0 0 0 0 0; 0 0 0 2 2 0 0 0 0 0 0 0 0 0 0 0 0 0 0 0; 0 0 0 2 1 0 1 0 0 0 0 0 0 0 0 0 0 0 0 0; 0 0 0 2 2 0 1 1 1 0 0 0 0 0 0 0 0 0 0 0; 0 0 0 2 2 0 1 1 1 0 0 0 0 0 0 0 0 0 0 0; 1 1 1 2 2 2 1 1 0 0 0 0 0 0 0 0 0 0 0 0; 0 1 1 1 2 2 1 1 0 0 0 0 0 0 0 0 0 0 0 0; 0 1 1 1 2 2 1 1 0 0 0 0 0 0 0 0 0 0 0 0], Int8[1 1 1 1 0 0 0 0 0 0 0 0 0 0 1 1 1 1 1 0; 2 2 2 0 0 0 0 0 0 0 0 0 0 0 1 1 1 1 1 0; 2 2 2 0 0 0 0 0 0 0 0 0 0 1 1 1 1 1 0 0; 2 2 2 0 0 0 0 0 0 0 0 0 0 0 0 0 2 2 0 0; 1 2 2 0 0 0 0 0 0 0 0 0 0 0 0 0 2 2 0 0; 2 2 2 0 0 0 0 0 0 0 0 0 0 1 1 1 2 1 0 0; 3 2 2 0 0 0 0 0 0 0 0 0 0 0 2 2 2 2 0 0; 1 2 2 1 1 0 0 0 0 0 0 1 0 0 3 2 2 2 2 0; 1 1 2 1 1 0 0 0 0 1 1 1 0 2 2 2 2 1 1 1; 1 1 2 2 0 0 0 0 0 2 1 1 0 1 2 2 1 1 1 0; 1 2 2 2 2 2 2 3 3 2 2 2 2 2 2 0 0 1 1 0; 0 0 2 1 2 2 2 2 2 2 2 2 2 2 1 0 0 0 0 0; 0 0 1 2 2 2 2 2 2 2 2 2 3 2 1 0 0 0 0 0; 0 0 0 0 1 0 0 0 0 0 0 0 0 0 1 0 0 0 0 0; 0 0 0 0 0 0 0 0 0 0 0 0 0 0 0 0 0 0 0 0; 0 0 0 0 0 0 0 0 0 0 0 0 0 0 0 0 0 0 0 0; 0 0 0 0 0 0 0 0 0 0 0 0 0 0 0 0 0 0 0 0; 0 0 0 0 0 0 0 0 0 0 0 0 0 0 0 0 0 0 0 0; 0 0 0 0 0 0 0 0 0 0 0 0 0 0 0 0 0 0 0 0; 0 0 0 0 0 0 0 0 0 0 0 0 0 0 0 0 0 0 0 0]]";[0.0, 18.0, 26.0];[0.0, 17.46424919657298, 14.142135623730951];[18.0, 0.0, 21.0];[17.46424919657298, 0.0, 18.027756377319946];[26.0, 21.0, 0.0];[14.142135623730951, 18.027756377319946, 0.0]
12;0.6112531969309463;"MMatrix[Int8[6 10 9 10 8 0 0 0 0 0 0 0 0 0 0 0 0 0 0 0; 10 10 12 9 7 0 0 0 0 0 0 0 0 0 0 0 0 0 0 0; 10 12 10 8 6 0 0 0 0 0 0 0 0 0 0 0 0 0 0 0; 7 4 7 0 0 0 0 0 0 0 0 0 0 0 0 0 0 0 0 0; 3 5 4 0 0 0 0 0 0 0 0 0 0 0 0 0 0 0 0 0; 2 2 4 0 0 0 0 0 0 0 0 0 0 0 0 0 0 0 0 0; 1 2 1 0 0 0 0 0 0 0 0 0 0 0 0 0 0 0 0 0; 1 0 0 0 0 0 0 0 0 0 0 0 0 0 0 0 0 0 0 0; 0 0 0 0 0 0 0 0 0 0 0 0 0 0 0 0 0 0 0 0; 0 0 0 0 0 0 0 0 0 0 0 0 0 0 0 0 0 0 0 0; 0 0 0 0 0 0 0 0 0 0 0 0 0 0 0 0 0 0 0 0; 0 0 0 0 0 0 0 0 0 0 0 0 0 0 0 0 0 0 0 0; 0 0 0 0 0 0 0 0 0 0 0 0 0 0 0 0 0 0 0 0; 0 0 0 0 0 0 0 0 0 0 0 0 0 0 0 0 0 0 0 0; 0 0 0 0 0 0 0 0 0 0 0 0 0 0 0 0 0 0 0 0; 0 0 0 0 0 0 0 0 0 0 0 0 0 0 0 0 0 0 0 0; 0 0 0 0 0 0 0 0 0 0 0 0 0 0 0 0 0 0 0 0; 0 0 0 0 0 0 0 0 0 0 0 0 0 0 0 0 0 0 0 0; 0 0 0 0 0 0 0 0 0 0 0 0 0 0 0 0 0 0 0 0; 0 0 0 0 0 0 0 0 0 0 0 0 0 0 0 0 0 0 0 0], Int8[0 2 2 1 1 0 0 0 0 0 0 0 0 0 0 0 0 0 0 0; 2 2 2 1 1 0 0 0 0 0 0 0 0 0 0 0 0 0 0 0; 2 2 2 1 1 0 0 0 0 0 0 0 0 0 0 0 0 0 0 0; 2 2 2 0 0 0 0 0 0 0 0 0 0 0 0 0 0 0 0 0; 2 2 2 0 0 0 0 0 0 0 0 0 0 0 0 0 0 0 0 0; 2 3 2 0 0 0 0 0 0 0 0 0 0 0 0 0 0 0 0 0; 2 3 4 0 0 0 0 0 0 0 0 0 0 0 0 0 0 0 0 0; 3 4 4 3 2 0 0 0 0 0 0 0 0 0 0 0 0 0 0 0; 3 2 3 4 3 0 0 0 0 0 0 0 0 0 0 0 0 0 0 0; 3 4 4 4 0 0 0 0 0 0 0 0 0 0 0 0 0 0 0 0; 3 3 3 3 2 1 0 0 0 0 0 0 0 0 0 0 0 0 0 0; 2 3 3 3 2 1 1 0 0 0 0 0 0 0 0 0 0 0 0 0; 1 2 3 2 2 2 0 0 0 0 0 0 0 0 0 0 0 0 0 0; 0 0 0 2 2 0 0 0 0 0 0 0 0 0 0 0 0 0 0 0; 0 0 0 2 1 0 2 1 1 1 1 0 0 0 0 0 0 0 0 0; 0 0 0 2 2 0 2 2 1 1 1 1 0 0 0 0 0 0 0 0; 0 0 0 2 2 0 2 2 2 1 1 0 0 0 0 0 0 0 0 0; 1 1 1 2 2 2 2 2 0 0 1 0 0 0 0 0 0 0 0 0; 0 1 1 1 2 2 1 1 0 0 0 0 0 0 0 0 0 0 0 0; 0 1 1 1 2 2 1 1 0 0 0 0 0 0 0 0 0 0 0 0], Int8[1 1 1 1 0 0 0 0 0 0 0 0 0 1 2 2 1 2 2 1; 2 2 2 0 0 0 0 0 0 0 0 0 0 0 2 2 2 2 2 0; 2 2 2 0 0 0 0 0 0 0 0 0 0 1 2 2 2 2 0 0; 2 2 2 0 0 0 0 0 0 0 0 0 0 0 0 0 3 2 0 0; 1 2 2 0 0 0 0 0 0 0 0 0 0 0 0 0 2 2 0 0; 2 2 2 0 0 0 0 0 0 0 0 0 0 1 1 1 2 1 0 0; 3 2 2 0 0 0 0 0 0 0 0 0 0 0 2 2 2 2 0 0; 1 2 2 1 1 0 0 0 0 0 0 1 0 0 3 2 2 2 2 0; 1 1 2 1 1 0 0 0 0 1 1 1 0 2 2 2 2 1 1 1; 1 1 2 2 0 0 0 0 0 2 1 1 0 1 2 2 1 1 1 0; 1 2 2 2 2 2 2 3 3 2 2 2 2 2 2 0 0 1 1 0; 0 0 2 1 2 2 2 2 2 2 2 2 2 2 1 0 0 0 0 0; 0 0 1 2 2 2 2 2 2 2 2 2 3 2 1 0 0 0 0 0; 0 0 0 0 1 0 0 0 0 0 0 0 0 0 1 0 0 0 0 0; 0 0 0 0 0 0 0 0 0 0 0 0 0 0 0 0 0 0 0 0; 0 0 0 0 0 0 0 0 0 0 0 0 0 0 0 0 0 0 0 0; 0 0 0 0 0 0 0 0 0 0 0 0 0 0 0 0 0 0 0 0; 0 0 0 0 0 0 0 0 0 0 0 0 0 0 0 0 0 0 0 0; 0 0 0 0 0 0 0 0 0 0 0 0 0 0 0 0 0 0 0 0; 0 0 0 0 0 0 0 0 0 0 0 0 0 0 0 0 0 0 0 0]]";[0.0, 20.0, 28.0];[0.0, 17.0, 16.0];[20.0, 0.0, 25.0];[17.0, 0.0, 17.0];[28.0, 25.0, 0.0];[16.0, 17.0, 0.0]
13;0.6521739130434783;"MMatrix[Int8[7 11 10 10 9 0 0 0 0 0 0 0 0 0 0 0 0 0 0 0; 10 11 13 10 8 0 0 0 0 0 0 0 0 0 0 0 0 0 0 0; 10 13 11 9 7 0 0 0 0 0 0 0 0 0 0 0 0 0 0 0; 7 4 7 0 0 0 0 0 0 0 0 0 0 0 0 0 0 0 0 0; 3 5 4 0 0 0 0 0 0 0 0 0 0 0 0 0 0 0 0 0; 2 2 4 0 0 0 0 0 0 0 0 0 0 0 0 0 0 0 0 0; 1 2 1 0 0 0 0 0 0 0 0 0 0 0 0 0 0 0 0 0; 1 0 0 0 0 0 0 0 0 0 0 0 0 0 0 0 0 0 0 0; 0 0 0 0 0 0 0 0 0 0 0 0 0 0 0 0 0 0 0 0; 0 0 0 0 0 0 0 0 0 0 0 0 0 0 0 0 0 0 0 0; 0 0 0 0 0 0 0 0 0 0 0 0 0 0 0 0 0 0 0 0; 0 0 0 0 0 0 0 0 0 0 0 0 0 0 0 0 0 0 0 0; 0 0 0 0 0 0 0 0 0 0 0 0 0 0 0 0 0 0 0 0; 0 0 0 0 0 0 0 0 0 0 0 0 0 0 0 0 0 0 0 0; 0 0 0 0 0 0 0 0 0 0 0 0 0 0 0 0 0 0 0 0; 0 0 0 0 0 0 0 0 0 0 0 0 0 0 0 0 0 0 0 0; 0 0 0 0 0 0 0 0 0 0 0 0 0 0 0 0 0 0 0 0; 0 0 0 0 0 0 0 0 0 0 0 0 0 0 0 0 0 0 0 0; 0 0 0 0 0 0 0 0 0 0 0 0 0 0 0 0 0 0 0 0; 0 0 0 0 0 0 0 0 0 0 0 0 0 0 0 0 0 0 0 0], Int8[0 2 2 1 1 0 0 0 0 0 0 0 0 0 0 0 0 0 0 0; 2 2 2 1 1 0 0 0 0 0 0 0 0 0 0 0 0 0 0 0; 2 2 2 1 1 0 0 0 0 0 0 0 0 0 0 0 0 0 0 0; 2 2 2 0 0 0 0 0 0 0 0 0 0 0 0 0 0 0 0 0; 2 2 2 0 0 0 0 0 0 0 0 0 0 0 0 0 0 0 0 0; 2 3 2 0 0 0 0 0 0 0 0 0 0 0 0 0 0 0 0 0; 2 3 4 0 0 0 0 0 0 0 0 0 0 0 0 0 0 0 0 0; 3 4 4 3 2 0 0 0 0 0 0 0 0 0 0 0 0 0 0 0; 3 2 3 4 3 0 0 0 0 0 0 0 0 0 0 0 0 0 0 0; 3 4 4 4 0 0 0 0 0 0 0 0 0 0 0 0 0 0 0 0; 3 3 3 3 2 1 0 0 0 0 0 0 0 0 0 0 0 0 0 0; 2 3 3 3 2 1 1 0 0 0 0 0 0 0 0 0 0 0 0 0; 1 2 3 2 2 2 0 0 0 0 0 0 0 0 0 0 0 0 0 0; 0 0 0 2 2 0 0 0 0 0 0 0 0 0 0 0 0 0 0 0; 0 0 0 2 1 0 2 1 1 1 2 0 0 0 0 0 0 0 0 0; 0 0 0 2 2 0 2 2 2 2 2 2 0 0 0 0 0 0 0 0; 0 0 0 2 2 0 2 2 2 2 2 1 0 0 0 0 0 0 0 0; 1 1 1 2 2 2 2 2 0 0 1 1 0 0 0 0 0 0 0 0; 0 1 1 1 2 2 1 1 0 0 1 1 0 0 0 0 0 0 0 0; 0 1 1 1 2 2 1 1 0 0 1 1 0 0 0 0 0 0 0 0], Int8[1 1 1 1 0 0 0 0 0 0 0 0 0 1 3 3 2 2 2 1; 2 2 2 0 0 0 0 0 0 0 0 0 0 1 3 3 2 2 2 0; 2 2 2 0 0 0 0 0 0 0 0 0 0 2 3 3 2 2 0 0; 2 2 2 0 0 0 0 0 0 0 0 0 0 0 0 0 3 2 0 0; 1 2 2 0 0 0 0 0 0 0 0 0 0 0 0 0 2 2 0 0; 2 2 2 0 0 0 0 0 0 0 0 0 0 1 1 1 2 1 0 0; 3 2 2 0 0 0 0 0 0 0 0 0 0 0 2 2 2 2 0 0; 1 2 2 1 1 0 0 0 0 0 0 1 0 0 3 2 2 2 2 0; 1 1 2 1 1 0 0 0 0 1 1 1 0 2 2 2 2 1 1 1; 1 1 2 2 0 0 0 0 0 2 1 1 0 1 2 2 1 1 1 0; 1 2 2 2 2 2 2 3 3 2 2 2 2 2 2 0 0 1 1 0; 0 0 2 1 2 2 2 2 2 2 2 2 2 2 1 0 0 0 0 0; 0 0 1 2 2 2 2 2 2 2 2 2 3 2 1 0 0 0 0 0; 0 0 0 0 1 0 0 0 0 0 0 0 0 0 1 0 0 0 0 0; 0 0 0 0 0 0 0 0 0 0 0 0 0 0 0 0 0 0 0 0; 0 0 0 0 0 0 0 0 0 0 0 0 0 0 0 0 0 0 0 0; 0 0 0 0 0 0 0 0 0 0 0 0 0 0 0 0 0 0 0 0; 0 0 0 0 0 0 0 0 0 0 0 0 0 0 0 0 0 0 0 0; 0 0 0 0 0 0 0 0 0 0 0 0 0 0 0 0 0 0 0 0; 0 0 0 0 0 0 0 0 0 0 0 0 0 0 0 0 0 0 0 0]]";[0.0, 22.0, 28.0];[0.0, 18.384776310850235, 10.0];[22.0, 0.0, 27.0];[18.384776310850235, 0.0, 17.26267650163207];[28.0, 27.0, 0.0];[10.0, 17.26267650163207, 0.0]
14;0.6649616368286445;"MMatrix[Int8[7 12 11 11 9 0 0 0 0 0 0 0 0 0 0 0 0 0 0 0; 10 11 14 11 9 0 0 0 0 0 0 0 0 0 0 0 0 0 0 0; 10 13 12 10 8 0 0 0 0 0 0 0 0 0 0 0 0 0 0 0; 7 4 7 0 0 0 0 0 0 0 0 0 0 0 0 0 0 0 0 0; 3 5 4 0 0 0 0 0 0 0 0 0 0 0 0 0 0 0 0 0; 2 2 4 0 0 0 0 0 0 0 0 0 0 0 0 0 0 0 0 0; 1 2 1 0 0 0 0 0 0 0 0 0 0 0 0 0 0 0 0 0; 1 0 0 0 0 0 0 0 0 0 0 0 0 0 0 0 0 0 0 0; 0 0 0 0 0 0 0 0 0 0 0 0 0 0 0 0 0 0 0 0; 0 0 0 0 0 0 0 0 0 0 0 0 0 0 0 0 0 0 0 0; 0 0 0 0 0 0 0 0 0 0 0 0 0 0 0 0 0 0 0 0; 0 0 0 0 0 0 0 0 0 0 0 0 0 0 0 0 0 0 0 0; 0 0 0 0 0 0 0 0 0 0 0 0 0 0 0 0 0 0 0 0; 0 0 0 0 0 0 0 0 0 0 0 0 0 0 0 0 0 0 0 0; 0 0 0 0 0 0 0 0 0 0 0 0 0 0 0 0 0 0 0 0; 0 0 0 0 0 0 0 0 0 0 0 0 0 0 0 0 0 0 0 0; 0 0 0 0 0 0 0 0 0 0 0 0 0 0 0 0 0 0 0 0; 0 0 0 0 0 0 0 0 0 0 0 0 0 0 0 0 0 0 0 0; 0 0 0 0 0 0 0 0 0 0 0 0 0 0 0 0 0 0 0 0; 0 0 0 0 0 0 0 0 0 0 0 0 0 0 0 0 0 0 0 0], Int8[0 2 2 1 1 0 0 0 0 0 0 0 0 0 0 0 0 0 0 0; 2 2 2 1 1 0 0 0 0 0 0 0 0 0 0 0 0 0 0 0; 2 2 2 1 1 0 0 0 0 0 0 0 0 0 0 0 0 0 0 0; 2 2 2 0 0 0 0 0 0 0 0 0 0 0 0 0 0 0 0 0; 2 2 2 0 0 0 0 0 0 0 0 0 0 0 0 0 0 0 0 0; 2 3 2 0 0 0 0 0 0 0 0 0 0 0 0 0 0 0 0 0; 2 3 4 0 0 0 0 0 0 0 0 0 0 0 0 0 0 0 0 0; 3 4 4 3 2 0 0 0 0 0 0 0 0 0 0 0 0 0 0 0; 3 2 3 4 3 0 0 0 0 0 0 0 0 0 0 0 0 0 0 0; 3 4 4 4 0 0 0 0 0 0 0 0 0 0 0 0 0 0 0 0; 3 3 3 3 2 1 0 0 0 0 0 0 0 0 0 0 0 0 0 0; 2 3 3 3 2 1 1 0 0 0 0 0 0 0 0 0 0 0 0 0; 1 2 3 2 2 2 0 0 0 0 0 0 0 0 0 0 0 0 0 0; 0 0 0 2 2 0 0 0 0 0 0 0 0 0 0 0 0 0 0 0; 0 0 0 2 1 0 2 2 2 2 2 1 0 0 0 0 0 0 0 0; 0 0 0 2 2 0 2 2 3 3 3 3 0 0 0 0 0 0 0 0; 0 0 0 2 2 0 2 2 3 3 3 2 0 0 0 0 0 0 0 0; 1 1 1 2 2 2 2 2 0 0 2 1 0 0 0 0 0 0 0 0; 0 1 1 1 2 2 1 1 0 0 1 1 0 0 0 0 0 0 0 0; 0 1 1 1 2 2 1 1 0 0 1 1 0 0 0 0 0 0 0 0], Int8[1 1 1 1 0 0 0 0 0 0 0 0 0 2 4 4 2 2 2 1; 2 2 2 0 0 0 0 0 0 0 0 0 0 2 4 4 2 2 2 0; 2 2 2 0 0 0 0 0 0 0 0 0 0 2 4 4 3 2 0 0; 2 2 2 0 0 0 0 0 0 0 0 0 0 0 0 0 3 2 0 0; 1 2 2 0 0 0 0 0 0 0 0 0 0 0 0 0 2 2 0 0; 2 2 2 0 0 0 0 0 0 0 0 0 0 1 1 1 2 1 0 0; 3 2 2 0 0 0 0 0 0 0 0 0 0 0 2 2 2 2 0 0; 1 2 2 1 1 0 0 0 0 0 0 1 0 0 3 2 2 2 2 0; 1 1 2 1 1 0 0 0 0 1 1 1 0 2 2 2 2 1 1 1; 1 1 2 2 0 0 0 0 0 2 1 1 0 1 2 2 1 1 1 0; 1 2 2 2 2 2 2 3 3 2 2 2 2 2 2 0 0 1 1 0; 0 0 2 1 2 2 2 2 2 2 2 2 2 2 1 0 0 0 0 0; 0 0 1 2 2 2 2 2 2 2 2 2 3 2 1 0 0 0 0 0; 0 0 0 0 1 0 0 0 0 0 0 0 0 0 1 0 0 0 0 0; 0 0 0 0 0 0 0 0 0 0 0 0 0 0 0 0 0 0 0 0; 0 0 0 0 0 0 0 0 0 0 0 0 0 0 0 0 0 0 0 0; 0 0 0 0 0 0 0 0 0 0 0 0 0 0 0 0 0 0 0 0; 0 0 0 0 0 0 0 0 0 0 0 0 0 0 0 0 0 0 0 0; 0 0 0 0 0 0 0 0 0 0 0 0 0 0 0 0 0 0 0 0; 0 0 0 0 0 0 0 0 0 0 0 0 0 0 0 0 0 0 0 0]]";[0.0, 22.0, 28.0];[0.0, 15.231546211727817, 9.219544457292887];[22.0, 0.0, 27.0];[15.231546211727817, 0.0, 12.36931687685298];[28.0, 27.0, 0.0];[9.219544457292887, 12.36931687685298, 0.0]
15;0.6675191815856778;"MMatrix[Int8[8 12 12 12 10 0 0 0 0 0 0 0 0 0 0 0 0 0 0 0; 11 12 15 12 9 0 0 0 0 0 0 0 0 0 0 0 0 0 0 0; 11 14 13 11 8 0 0 0 0 0 0 0 0 0 0 0 0 0 0 0; 7 5 7 0 0 0 0 0 0 0 0 0 0 0 0 0 0 0 0 0; 3 5 4 0 0 0 0 0 0 0 0 0 0 0 0 0 0 0 0 0; 2 2 4 0 0 0 0 0 0 0 0 0 0 0 0 0 0 0 0 0; 1 2 1 0 0 0 0 0 0 0 0 0 0 0 0 0 0 0 0 0; 1 0 0 0 0 0 0 0 0 0 0 0 0 0 0 0 0 0 0 0; 0 0 0 0 0 0 0 0 0 0 0 0 0 0 0 0 0 0 0 0; 0 0 0 0 0 0 0 0 0 0 0 0 0 0 0 0 0 0 0 0; 0 0 0 0 0 0 0 0 0 0 0 0 0 0 0 0 0 0 0 0; 0 0 0 0 0 0 0 0 0 0 0 0 0 0 0 0 0 0 0 0; 0 0 0 0 0 0 0 0 0 0 0 0 0 0 0 0 0 0 0 0; 0 0 0 0 0 0 0 0 0 0 0 0 0 0 0 0 0 0 0 0; 0 0 0 0 0 0 0 0 0 0 0 0 0 0 0 0 0 0 0 0; 0 0 0 0 0 0 0 0 0 0 0 0 0 0 0 0 0 0 0 0; 0 0 0 0 0 0 0 0 0 0 0 0 0 0 0 0 0 0 0 0; 0 0 0 0 0 0 0 0 0 0 0 0 0 0 0 0 0 0 0 0; 0 0 0 0 0 0 0 0 0 0 0 0 0 0 0 0 0 0 0 0; 0 0 0 0 0 0 0 0 0 0 0 0 0 0 0 0 0 0 0 0], Int8[0 2 2 1 1 0 0 0 0 0 0 0 0 0 0 0 0 0 0 0; 2 2 2 1 1 0 0 0 0 0 0 0 0 0 0 0 0 0 0 0; 2 2 2 1 1 0 0 0 0 0 0 0 0 0 0 0 0 0 0 0; 2 2 2 0 0 0 0 0 0 0 0 0 0 0 0 0 0 0 0 0; 2 2 2 0 0 0 0 0 0 0 0 0 0 0 0 0 0 0 0 0; 2 3 2 0 0 0 0 0 0 0 0 0 0 0 0 0 0 0 0 0; 2 3 4 0 0 0 0 0 0 0 0 0 0 0 0 0 0 0 0 0; 3 4 4 3 2 0 0 0 0 0 0 0 0 0 0 0 0 0 0 0; 3 2 3 4 3 0 0 0 0 0 0 0 0 0 0 0 0 0 0 0; 3 4 4 4 0 0 0 0 0 0 0 0 0 0 0 0 0 0 0 0; 3 3 3 3 2 1 0 0 0 0 0 0 0 0 0 0 0 0 0 0; 2 3 3 3 2 1 1 0 0 0 0 0 0 0 0 0 0 0 0 0; 1 2 3 2 2 2 0 0 0 0 0 0 0 0 0 0 0 0 0 0; 0 0 0 2 2 0 0 0 0 0 0 0 0 0 0 0 0 0 0 0; 0 0 0 2 1 0 2 2 3 3 3 1 0 0 0 0 0 0 0 0; 0 0 0 2 2 0 2 2 3 4 4 4 0 0 0 0 0 0 0 0; 0 0 0 2 2 0 2 2 3 4 4 3 0 0 0 0 0 0 0 0; 1 1 1 2 2 2 2 2 0 0 2 2 0 0 0 0 0 0 0 0; 0 1 1 1 2 2 1 1 0 0 1 1 0 0 0 0 0 0 0 0; 0 1 1 1 2 2 1 1 0 0 1 1 0 0 0 0 0 0 0 0], Int8[1 1 1 1 0 0 0 0 0 0 0 0 0 2 5 5 3 3 3 1; 2 2 2 0 0 0 0 0 0 0 0 0 0 2 5 5 3 3 3 0; 2 2 2 0 0 0 0 0 0 0 0 0 0 3 5 5 3 3 0 0; 2 2 2 0 0 0 0 0 0 0 0 0 0 0 0 0 4 3 0 0; 1 2 2 0 0 0 0 0 0 0 0 0 0 0 0 0 3 3 0 0; 2 2 2 0 0 0 0 0 0 0 0 0 0 1 1 1 3 1 0 0; 3 2 2 0 0 0 0 0 0 0 0 0 0 0 2 2 2 2 0 0; 1 2 2 1 1 0 0 0 0 0 0 1 0 0 3 2 2 2 2 0; 1 1 2 1 1 0 0 0 0 1 1 1 0 2 2 2 2 1 1 1; 1 1 2 2 0 0 0 0 0 2 1 1 0 1 2 2 1 1 1 0; 1 2 2 2 2 2 2 3 3 2 2 2 2 2 2 0 0 1 1 0; 0 0 2 1 2 2 2 2 2 2 2 2 2 2 1 0 0 0 0 0; 0 0 1 2 2 2 2 2 2 2 2 2 3 2 1 0 0 0 0 0; 0 0 0 0 1 0 0 0 0 0 0 0 0 0 1 0 0 0 0 0; 0 0 0 0 0 0 0 0 0 0 0 0 0 0 0 0 0 0 0 0; 0 0 0 0 0 0 0 0 0 0 0 0 0 0 0 0 0 0 0 0; 0 0 0 0 0 0 0 0 0 0 0 0 0 0 0 0 0 0 0 0; 0 0 0 0 0 0 0 0 0 0 0 0 0 0 0 0 0 0 0 0; 0 0 0 0 0 0 0 0 0 0 0 0 0 0 0 0 0 0 0 0; 0 0 0 0 0 0 0 0 0 0 0 0 0 0 0 0 0 0 0 0]]";[0.0, 23.0, 26.0];[0.0, 17.204650534085253, 15.132745950421556];[23.0, 0.0, 26.0];[17.204650534085253, 0.0, 13.0];[26.0, 26.0, 0.0];[15.132745950421556, 13.0, 0.0]
16;0.6675191815856778;"MMatrix[Int8[8 13 13 13 10 0 0 0 0 0 0 0 0 0 0 0 0 0 0 0; 12 13 16 12 9 0 0 0 0 0 0 0 0 0 0 0 0 0 0 0; 12 15 14 11 8 0 0 0 0 0 0 0 0 0 0 0 0 0 0 0; 8 5 7 0 0 0 0 0 0 0 0 0 0 0 0 0 0 0 0 0; 3 5 4 0 0 0 0 0 0 0 0 0 0 0 0 0 0 0 0 0; 2 2 4 0 0 0 0 0 0 0 0 0 0 0 0 0 0 0 0 0; 1 2 1 0 0 0 0 0 0 0 0 0 0 0 0 0 0 0 0 0; 1 0 0 0 0 0 0 0 0 0 0 0 0 0 0 0 0 0 0 0; 0 0 0 0 0 0 0 0 0 0 0 0 0 0 0 0 0 0 0 0; 0 0 0 0 0 0 0 0 0 0 0 0 0 0 0 0 0 0 0 0; 0 0 0 0 0 0 0 0 0 0 0 0 0 0 0 0 0 0 0 0; 0 0 0 0 0 0 0 0 0 0 0 0 0 0 0 0 0 0 0 0; 0 0 0 0 0 0 0 0 0 0 0 0 0 0 0 0 0 0 0 0; 0 0 0 0 0 0 0 0 0 0 0 0 0 0 0 0 0 0 0 0; 0 0 0 0 0 0 0 0 0 0 0 0 0 0 0 0 0 0 0 0; 0 0 0 0 0 0 0 0 0 0 0 0 0 0 0 0 0 0 0 0; 0 0 0 0 0 0 0 0 0 0 0 0 0 0 0 0 0 0 0 0; 0 0 0 0 0 0 0 0 0 0 0 0 0 0 0 0 0 0 0 0; 0 0 0 0 0 0 0 0 0 0 0 0 0 0 0 0 0 0 0 0; 0 0 0 0 0 0 0 0 0 0 0 0 0 0 0 0 0 0 0 0], Int8[0 2 2 1 1 0 0 0 0 0 0 0 0 0 0 0 0 0 0 0; 2 2 2 1 1 0 0 0 0 0 0 0 0 0 0 0 0 0 0 0; 2 2 2 1 1 0 0 0 0 0 0 0 0 0 0 0 0 0 0 0; 2 2 2 0 0 0 0 0 0 0 0 0 0 0 0 0 0 0 0 0; 2 2 2 0 0 0 0 0 0 0 0 0 0 0 0 0 0 0 0 0; 2 3 2 0 0 0 0 0 0 0 0 0 0 0 0 0 0 0 0 0; 2 3 4 0 0 0 0 0 0 0 0 0 0 0 0 0 0 0 0 0; 3 4 4 3 2 0 0 0 0 0 0 0 0 0 0 0 0 0 0 0; 3 2 3 4 3 0 0 0 0 0 0 0 0 0 0 0 0 0 0 0; 3 4 4 4 0 0 0 0 0 0 0 0 0 0 0 0 0 0 0 0; 3 3 3 3 2 1 0 0 0 0 0 0 0 0 0 0 0 0 0 0; 2 3 3 3 2 1 1 0 0 0 0 0 0 0 0 0 0 0 0 0; 1 2 3 2 2 2 0 0 0 0 0 0 0 0 0 0 0 0 0 0; 0 0 0 2 2 0 0 0 0 0 0 0 0 0 0 0 0 0 0 0; 0 0 0 2 1 0 2 3 4 4 4 2 0 0 0 0 0 0 0 0; 0 0 0 2 2 0 2 3 4 5 5 5 0 0 0 0 0 0 0 0; 0 0 0 2 2 0 3 3 4 4 5 4 0 0 0 0 0 0 0 0; 1 1 1 2 2 2 2 2 0 0 3 3 0 0 0 0 0 0 0 0; 0 1 1 1 2 2 1 1 0 0 1 2 0 0 0 0 0 0 0 0; 0 1 1 1 2 2 1 1 0 0 1 1 0 0 0 0 0 0 0 0], Int8[1 1 1 1 0 0 0 0 0 0 0 0 0 2 5 5 3 3 3 1; 2 2 2 0 0 0 0 0 0 0 0 0 0 2 5 5 3 3 3 0; 2 2 2 0 0 0 0 0 0 0 0 0 0 3 5 5 4 3 0 0; 2 2 2 0 0 0 0 0 0 0 0 0 0 0 0 0 5 4 0 0; 1 2 2 0 0 0 0 0 0 0 0 0 0 0 0 0 4 4 0 0; 2 2 2 0 0 0 0 0 0 0 0 0 0 2 2 2 3 2 0 0; 3 2 2 0 0 0 0 0 0 0 0 0 0 0 3 3 3 3 0 0; 1 2 2 1 1 0 0 0 0 0 0 1 0 0 4 3 3 3 3 0; 1 1 2 1 1 0 0 0 0 1 1 1 0 2 2 2 3 1 1 1; 1 1 2 2 0 0 0 0 0 2 1 1 0 1 2 2 1 1 1 0; 1 2 2 2 2 2 2 3 3 2 2 2 2 2 2 0 0 1 1 0; 0 0 2 1 2 2 2 2 2 2 2 2 2 2 1 0 0 0 0 0; 0 0 1 2 2 2 2 2 2 2 2 2 3 2 1 0 0 0 0 0; 0 0 0 0 1 0 0 0 0 0 0 0 0 0 1 0 0 0 0 0; 0 0 0 0 0 0 0 0 0 0 0 0 0 0 0 0 0 0 0 0; 0 0 0 0 0 0 0 0 0 0 0 0 0 0 0 0 0 0 0 0; 0 0 0 0 0 0 0 0 0 0 0 0 0 0 0 0 0 0 0 0; 0 0 0 0 0 0 0 0 0 0 0 0 0 0 0 0 0 0 0 0; 0 0 0 0 0 0 0 0 0 0 0 0 0 0 0 0 0 0 0 0; 0 0 0 0 0 0 0 0 0 0 0 0 0 0 0 0 0 0 0 0]]";[0.0, 21.0, 23.0];[0.0, 18.35755975068582, 16.76305461424021];[21.0, 0.0, 21.0];[18.35755975068582, 0.0, 13.038404810405298];[23.0, 21.0, 0.0];[16.76305461424021, 13.038404810405298, 0.0]
17;0.6854219948849105;"MMatrix[Int8[9 14 14 14 11 0 0 0 0 0 0 0 0 0 0 0 0 0 0 0; 13 14 17 13 10 0 0 0 0 0 0 0 0 0 0 0 0 0 0 0; 13 16 14 12 9 0 0 0 0 0 0 0 0 0 0 0 0 0 0 0; 9 6 8 0 0 0 0 0 0 0 0 0 0 0 0 0 0 0 0 0; 4 6 5 0 0 0 0 0 0 0 0 0 0 0 0 0 0 0 0 0; 2 2 5 0 0 0 0 0 0 0 0 0 0 0 0 0 0 0 0 0; 1 2 1 0 0 0 0 0 0 0 0 0 0 0 0 0 0 0 0 0; 1 0 0 0 0 0 0 0 0 0 0 0 0 0 0 0 0 0 0 0; 0 0 0 0 0 0 0 0 0 0 0 0 0 0 0 0 0 0 0 0; 0 0 0 0 0 0 0 0 0 0 0 0 0 0 0 0 0 0 0 0; 0 0 0 0 0 0 0 0 0 0 0 0 0 0 0 0 0 0 0 0; 0 0 0 0 0 0 0 0 0 0 0 0 0 0 0 0 0 0 0 0; 0 0 0 0 0 0 0 0 0 0 0 0 0 0 0 0 0 0 0 0; 0 0 0 0 0 0 0 0 0 0 0 0 0 0 0 0 0 0 0 0; 0 0 0 0 0 0 0 0 0 0 0 0 0 0 0 0 0 0 0 0; 0 0 0 0 0 0 0 0 0 0 0 0 0 0 0 0 0 0 0 0; 0 0 0 0 0 0 0 0 0 0 0 0 0 0 0 0 0 0 0 0; 0 0 0 0 0 0 0 0 0 0 0 0 0 0 0 0 0 0 0 0; 0 0 0 0 0 0 0 0 0 0 0 0 0 0 0 0 0 0 0 0; 0 0 0 0 0 0 0 0 0 0 0 0 0 0 0 0 0 0 0 0], Int8[0 2 2 1 1 0 0 0 0 0 0 0 0 0 0 0 0 0 0 0; 2 2 2 1 1 0 0 0 0 0 0 0 0 0 0 0 0 0 0 0; 2 2 2 1 1 0 0 0 0 0 0 0 0 0 0 0 0 0 0 0; 2 2 2 0 0 0 0 0 0 0 0 0 0 0 0 0 0 0 0 0; 2 2 2 0 0 0 0 0 0 0 0 0 0 0 0 0 0 0 0 0; 2 3 2 0 0 0 0 0 0 0 0 0 0 0 0 0 0 0 0 0; 2 3 4 0 0 0 0 0 0 0 0 0 0 0 0 0 0 0 0 0; 3 4 4 3 2 0 0 0 0 0 0 0 0 0 0 0 0 0 0 0; 3 2 3 4 3 0 0 0 0 0 0 0 0 0 0 0 0 0 0 0; 3 4 4 4 0 0 0 0 0 0 0 0 0 0 0 0 0 0 0 0; 3 3 3 3 2 1 0 0 0 0 0 0 0 0 0 0 0 0 0 0; 2 3 3 3 2 1 1 0 0 0 0 0 0 0 0 0 0 0 0 0; 1 2 3 2 2 2 0 0 0 0 0 0 0 0 0 0 0 0 0 0; 0 0 0 2 2 0 0 0 0 0 0 0 0 0 0 0 0 0 0 0; 0 0 0 2 1 0 3 4 5 4 5 3 0 0 0 0 0 0 0 0; 0 0 0 2 2 0 2 4 5 6 6 6 0 0 0 0 0 0 0 0; 0 0 0 2 2 0 3 4 5 5 6 5 0 0 0 0 0 0 0 0; 1 1 1 2 2 2 2 2 0 0 3 3 0 0 0 0 0 0 0 0; 0 1 1 1 2 2 1 1 0 0 1 2 0 0 0 0 0 0 0 0; 0 1 1 1 2 2 1 1 0 0 1 1 0 0 0 0 0 0 0 0], Int8[1 1 1 1 0 0 0 0 0 0 0 0 0 2 5 5 3 3 3 1; 2 2 2 0 0 0 0 0 0 0 0 0 0 2 5 5 3 3 3 0; 2 2 2 0 0 0 0 0 0 0 0 0 0 3 5 5 4 3 0 0; 2 2 2 0 0 0 0 0 0 0 0 0 0 0 0 0 5 4 0 0; 1 2 2 0 0 0 0 0 0 0 0 0 0 0 0 0 4 4 0 0; 2 2 2 0 0 0 0 0 0 0 0 0 0 2 3 3 4 2 0 0; 3 2 2 0 0 0 0 0 0 0 0 0 0 1 4 4 3 3 0 0; 1 2 2 1 1 0 0 0 0 0 0 1 0 1 5 4 3 3 3 0; 1 1 2 1 1 0 0 0 0 1 1 1 0 3 2 2 3 1 1 1; 1 1 2 2 0 0 0 0 0 2 1 1 0 1 2 2 1 1 1 0; 1 2 2 2 2 2 2 3 3 2 2 2 2 2 2 0 0 1 1 0; 0 0 2 1 2 2 2 2 2 2 2 2 2 2 1 0 0 0 0 0; 0 0 1 2 2 2 2 2 2 2 2 2 3 2 1 0 0 0 0 0; 0 0 0 0 1 0 0 0 0 0 0 0 0 0 1 0 0 0 0 0; 0 0 0 0 0 0 0 0 0 0 0 0 0 0 0 0 0 0 0 0; 0 0 0 0 0 0 0 0 0 0 0 0 0 0 0 0 0 0 0 0; 0 0 0 0 0 0 0 0 0 0 0 0 0 0 0 0 0 0 0 0; 0 0 0 0 0 0 0 0 0 0 0 0 0 0 0 0 0 0 0 0; 0 0 0 0 0 0 0 0 0 0 0 0 0 0 0 0 0 0 0 0; 0 0 0 0 0 0 0 0 0 0 0 0 0 0 0 0 0 0 0 0]]";[0.0, 19.0, 21.0];[0.0, 13.892443989449804, 11.40175425099138];[19.0, 0.0, 21.0];[13.892443989449804, 0.0, 9.848857801796104];[21.0, 21.0, 0.0];[11.40175425099138, 9.848857801796104, 0.0]
18;0.6879795396419437;"MMatrix[Int8[9 14 15 15 12 0 0 0 0 0 0 0 0 0 0 0 0 0 0 0; 13 14 18 14 11 0 0 0 0 0 0 0 0 0 0 0 0 0 0 0; 13 17 15 13 9 0 0 0 0 0 0 0 0 0 0 0 0 0 0 0; 9 6 8 0 0 0 0 0 0 0 0 0 0 0 0 0 0 0 0 0; 4 6 5 0 0 0 0 0 0 0 0 0 0 0 0 0 0 0 0 0; 2 2 5 0 0 0 0 0 0 0 0 0 0 0 0 0 0 0 0 0; 1 2 1 0 0 0 0 0 0 0 0 0 0 0 0 0 0 0 0 0; 1 0 0 0 0 0 0 0 0 0 0 0 0 0 0 0 0 0 0 0; 0 0 0 0 0 0 0 0 0 0 0 0 0 0 0 0 0 0 0 0; 0 0 0 0 0 0 0 0 0 0 0 0 0 0 0 0 0 0 0 0; 0 0 0 0 0 0 0 0 0 0 0 0 0 0 0 0 0 0 0 0; 0 0 0 0 0 0 0 0 0 0 0 0 0 0 0 0 0 0 0 0; 0 0 0 0 0 0 0 0 0 0 0 0 0 0 0 0 0 0 0 0; 0 0 0 0 0 0 0 0 0 0 0 0 0 0 0 0 0 0 0 0; 0 0 0 0 0 0 0 0 0 0 0 0 0 0 0 0 0 0 0 0; 0 0 0 0 0 0 0 0 0 0 0 0 0 0 0 0 0 0 0 0; 0 0 0 0 0 0 0 0 0 0 0 0 0 0 0 0 0 0 0 0; 0 0 0 0 0 0 0 0 0 0 0 0 0 0 0 0 0 0 0 0; 0 0 0 0 0 0 0 0 0 0 0 0 0 0 0 0 0 0 0 0; 0 0 0 0 0 0 0 0 0 0 0 0 0 0 0 0 0 0 0 0], Int8[0 2 2 1 1 0 0 0 0 0 0 0 0 0 0 0 0 0 0 0; 2 2 2 1 1 0 0 0 0 0 0 0 0 0 0 0 0 0 0 0; 2 2 2 1 1 0 0 0 0 0 0 0 0 0 0 0 0 0 0 0; 2 2 2 0 0 0 0 0 0 0 0 0 0 0 0 0 0 0 0 0; 2 2 2 0 0 0 0 0 0 0 0 0 0 0 0 0 0 0 0 0; 2 3 2 0 0 0 0 0 0 0 0 0 0 0 0 0 0 0 0 0; 2 3 4 0 0 0 0 0 0 0 0 0 0 0 0 0 0 0 0 0; 3 4 4 3 2 0 0 0 0 0 0 0 0 0 0 0 0 0 0 0; 3 2 3 4 3 0 0 0 0 0 0 0 0 0 0 0 0 0 0 0; 3 4 4 4 0 0 0 0 0 0 0 0 0 0 0 0 0 0 0 0; 3 3 3 3 2 1 0 0 0 0 0 0 0 0 0 0 0 0 0 0; 2 3 3 3 2 1 1 0 0 0 0 0 0 0 0 0 0 0 0 0; 1 2 3 2 2 2 0 0 0 0 0 0 0 0 0 0 0 0 0 0; 0 0 0 2 2 0 0 0 0 0 0 0 0 0 0 0 0 0 0 0; 0 0 0 2 1 0 3 5 6 5 5 3 0 0 0 0 0 0 0 0; 0 0 0 2 2 0 3 5 6 6 6 6 0 0 0 0 0 0 0 0; 0 0 0 2 2 0 4 5 6 5 6 5 0 0 0 0 0 0 0 0; 1 1 1 2 2 2 3 2 0 0 3 3 0 0 0 0 0 0 0 0; 0 1 1 1 2 2 1 1 0 0 1 2 0 0 0 0 0 0 0 0; 0 1 1 1 2 2 1 1 0 0 1 1 0 0 0 0 0 0 0 0], Int8[1 1 1 1 0 0 0 0 0 0 0 0 0 2 5 5 3 3 3 1; 2 2 2 0 0 0 0 0 0 0 0 0 0 2 5 5 3 3 3 0; 2 2 2 0 0 0 0 0 0 0 0 0 0 3 5 5 4 3 0 0; 2 2 2 0 0 0 0 0 0 0 0 0 0 0 0 0 5 4 0 0; 1 2 2 0 0 0 0 0 0 0 0 0 0 0 0 0 4 4 0 0; 2 2 2 0 0 0 0 0 0 0 0 0 0 3 3 3 4 2 0 0; 3 2 2 0 0 0 0 0 0 0 0 0 0 2 5 5 3 3 0 0; 1 2 2 1 1 0 0 0 0 0 0 1 0 2 6 5 3 3 3 0; 1 1 2 1 1 0 0 0 0 1 1 1 0 3 3 3 4 1 1 1; 1 1 2 2 0 0 0 0 0 2 1 1 0 2 3 3 1 1 1 0; 1 2 2 2 2 2 2 3 3 2 2 2 2 3 3 0 0 1 1 0; 0 0 2 1 2 2 2 2 2 2 2 2 2 3 1 0 0 0 0 0; 0 0 1 2 2 2 2 2 2 2 2 2 3 2 1 0 0 0 0 0; 0 0 0 0 1 0 0 0 0 0 0 0 0 0 1 0 0 0 0 0; 0 0 0 0 0 0 0 0 0 0 0 0 0 0 0 0 0 0 0 0; 0 0 0 0 0 0 0 0 0 0 0 0 0 0 0 0 0 0 0 0; 0 0 0 0 0 0 0 0 0 0 0 0 0 0 0 0 0 0 0 0; 0 0 0 0 0 0 0 0 0 0 0 0 0 0 0 0 0 0 0 0; 0 0 0 0 0 0 0 0 0 0 0 0 0 0 0 0 0 0 0 0; 0 0 0 0 0 0 0 0 0 0 0 0 0 0 0 0 0 0 0 0]]";[0.0, 19.0, 19.0];[0.0, 12.165525060596439, 10.816653826391969];[19.0, 0.0, 17.0];[12.165525060596439, 0.0, 9.219544457292887];[19.0, 17.0, 0.0];[10.816653826391969, 9.219544457292887, 0.0]
19;0.6982097186700768;"MMatrix[Int8[9 15 16 16 12 0 0 0 0 0 0 0 0 0 0 0 0 0 0 0; 13 14 19 15 12 0 0 0 0 0 0 0 0 0 0 0 0 0 0 0; 13 17 16 14 10 0 0 0 0 0 0 0 0 0 0 0 0 0 0 0; 9 6 8 0 0 0 0 0 0 0 0 0 0 0 0 0 0 0 0 0; 4 6 5 0 0 0 0 0 0 0 0 0 0 0 0 0 0 0 0 0; 2 2 5 0 0 0 0 0 0 0 0 0 0 0 0 0 0 0 0 0; 1 2 1 0 0 0 0 0 0 0 0 0 0 0 0 0 0 0 0 0; 1 0 0 0 0 0 0 0 0 0 0 0 0 0 0 0 0 0 0 0; 0 0 0 0 0 0 0 0 0 0 0 0 0 0 0 0 0 0 0 0; 0 0 0 0 0 0 0 0 0 0 0 0 0 0 0 0 0 0 0 0; 0 0 0 0 0 0 0 0 0 0 0 0 0 0 0 0 0 0 0 0; 0 0 0 0 0 0 0 0 0 0 0 0 0 0 0 0 0 0 0 0; 0 0 0 0 0 0 0 0 0 0 0 0 0 0 0 0 0 0 0 0; 0 0 0 0 0 0 0 0 0 0 0 0 0 0 0 0 0 0 0 0; 0 0 0 0 0 0 0 0 0 0 0 0 0 0 0 0 0 0 0 0; 0 0 0 0 0 0 0 0 0 0 0 0 0 0 0 0 0 0 0 0; 0 0 0 0 0 0 0 0 0 0 0 0 0 0 0 0 0 0 0 0; 0 0 0 0 0 0 0 0 0 0 0 0 0 0 0 0 0 0 0 0; 0 0 0 0 0 0 0 0 0 0 0 0 0 0 0 0 0 0 0 0; 0 0 0 0 0 0 0 0 0 0 0 0 0 0 0 0 0 0 0 0], Int8[0 2 2 1 1 0 0 0 0 0 0 0 0 0 0 0 0 0 0 0; 2 2 2 1 1 0 0 0 0 0 0 0 0 0 0 0 0 0 0 0; 2 2 2 1 1 0 0 0 0 0 0 0 0 0 0 0 0 0 0 0; 2 2 2 0 0 0 0 0 0 0 0 0 0 0 0 0 0 0 0 0; 2 2 2 0 0 0 0 0 0 0 0 0 0 0 0 0 0 0 0 0; 2 3 2 0 0 0 0 0 0 0 0 0 0 0 0 0 0 0 0 0; 2 3 4 0 0 0 0 0 0 0 0 0 0 0 0 0 0 0 0 0; 3 4 4 3 2 0 0 0 0 0 0 0 0 0 0 0 0 0 0 0; 3 2 3 4 3 0 0 0 0 0 0 0 0 0 0 0 0 0 0 0; 3 4 4 4 0 0 0 0 0 0 0 0 0 0 0 0 0 0 0 0; 3 3 3 3 2 1 0 0 0 0 0 0 0 0 0 0 0 0 0 0; 2 3 3 3 2 1 1 0 0 0 0 0 0 0 0 0 0 0 0 0; 1 2 3 2 2 2 0 0 0 0 0 0 0 0 0 0 0 0 0 0; 0 0 0 2 2 0 0 0 0 0 0 0 0 0 0 0 0 0 0 0; 0 0 0 2 1 0 4 5 6 5 5 3 0 0 0 0 0 0 0 0; 0 0 0 2 2 0 4 6 7 6 6 6 0 0 0 0 0 0 0 0; 0 0 0 2 2 0 5 6 7 5 6 5 0 0 0 0 0 0 0 0; 1 1 1 3 3 3 3 3 0 0 3 3 0 0 0 0 0 0 0 0; 0 1 1 1 3 3 2 2 0 0 1 2 0 0 0 0 0 0 0 0; 0 1 1 1 3 3 2 2 0 0 1 1 0 0 0 0 0 0 0 0], Int8[1 1 1 1 0 0 0 0 0 0 0 0 0 2 5 5 3 3 3 1; 2 2 2 0 0 0 0 0 0 0 0 0 0 2 5 5 3 3 3 0; 2 2 2 0 0 0 0 0 0 0 0 0 0 3 5 5 4 3 0 0; 2 2 2 0 0 0 0 0 0 0 0 0 0 0 0 0 5 4 0 0; 1 2 2 0 0 0 0 0 0 0 0 0 0 0 0 0 4 4 0 0; 2 2 2 0 0 0 0 0 0 0 0 0 0 3 3 3 4 2 0 0; 3 2 2 0 0 0 0 0 0 0 0 0 0 2 5 5 3 3 0 0; 1 2 2 1 1 0 0 0 0 0 0 1 0 2 6 5 3 3 3 0; 1 1 2 1 1 0 0 0 0 1 1 1 0 4 3 3 4 1 1 1; 1 1 2 2 0 0 0 0 0 2 1 2 0 3 4 4 1 1 1 0; 1 2 2 2 2 2 2 3 3 2 2 3 3 4 4 0 0 1 1 0; 0 0 2 1 2 2 2 2 2 2 3 3 3 3 2 0 0 0 0 0; 0 0 1 2 2 2 2 2 2 2 2 3 4 3 2 0 0 0 0 0; 0 0 0 0 1 0 0 0 0 0 0 0 0 1 2 0 0 0 0 0; 0 0 0 0 0 0 0 0 0 0 0 0 0 1 0 0 0 0 0 0; 0 0 0 0 0 0 0 0 0 0 0 0 0 0 0 0 0 0 0 0; 0 0 0 0 0 0 0 0 0 0 0 0 0 0 0 0 0 0 0 0; 0 0 0 0 0 0 0 0 0 0 0 0 0 0 0 0 0 0 0 0; 0 0 0 0 0 0 0 0 0 0 0 0 0 0 0 0 0 0 0 0; 0 0 0 0 0 0 0 0 0 0 0 0 0 0 0 0 0 0 0 0]]";[0.0, 18.0, 19.0];[0.0, 17.11724276862369, 14.212670403551895];[18.0, 0.0, 14.0];[17.11724276862369, 0.0, 9.219544457292887];[19.0, 14.0, 0.0];[14.212670403551895, 9.219544457292887, 0.0]
20;0.7212276214833759;"MMatrix[Int8[10 15 17 17 13 0 0 0 0 0 0 0 0 0 0 0 0 0 0 0; 14 15 20 16 12 0 0 0 0 0 0 0 0 0 0 0 0 0 0 0; 14 18 17 15 10 0 0 0 0 0 0 0 0 0 0 0 0 0 0 0; 9 7 8 0 0 0 0 0 0 0 0 0 0 0 0 0 0 0 0 0; 4 6 5 0 0 0 0 0 0 0 0 0 0 0 0 0 0 0 0 0; 2 2 5 0 0 0 0 0 0 0 0 0 0 0 0 0 0 0 0 0; 1 2 1 0 0 0 0 0 0 0 0 0 0 0 0 0 0 0 0 0; 1 0 0 0 0 0 0 0 0 0 0 0 0 0 0 0 0 0 0 0; 0 0 0 0 0 0 0 0 0 0 0 0 0 0 0 0 0 0 0 0; 0 0 0 0 0 0 0 0 0 0 0 0 0 0 0 0 0 0 0 0; 0 0 0 0 0 0 0 0 0 0 0 0 0 0 0 0 0 0 0 0; 0 0 0 0 0 0 0 0 0 0 0 0 0 0 0 0 0 0 0 0; 0 0 0 0 0 0 0 0 0 0 0 0 0 0 0 0 0 0 0 0; 0 0 0 0 0 0 0 0 0 0 0 0 0 0 0 0 0 0 0 0; 0 0 0 0 0 0 0 0 0 0 0 0 0 0 0 0 0 0 0 0; 0 0 0 0 0 0 0 0 0 0 0 0 0 0 0 0 0 0 0 0; 0 0 0 0 0 0 0 0 0 0 0 0 0 0 0 0 0 0 0 0; 0 0 0 0 0 0 0 0 0 0 0 0 0 0 0 0 0 0 0 0; 0 0 0 0 0 0 0 0 0 0 0 0 0 0 0 0 0 0 0 0; 0 0 0 0 0 0 0 0 0 0 0 0 0 0 0 0 0 0 0 0], Int8[0 2 2 1 1 0 0 0 0 0 0 0 0 0 0 0 0 0 0 0; 2 2 2 1 1 0 0 0 0 0 0 0 0 0 0 0 0 0 0 0; 2 2 2 1 1 0 0 0 0 0 0 0 0 0 0 0 0 0 0 0; 2 2 2 0 0 0 0 0 0 0 0 0 0 0 0 0 0 0 0 0; 2 2 2 0 0 0 0 0 0 0 0 0 0 0 0 0 0 0 0 0; 2 3 2 0 0 0 0 0 0 0 0 0 0 0 0 0 0 0 0 0; 2 3 4 0 0 0 0 0 0 0 0 0 0 0 0 0 0 0 0 0; 3 4 4 3 2 0 0 0 0 0 0 0 0 0 0 0 0 0 0 0; 3 2 3 4 3 0 0 0 0 0 0 0 0 0 0 0 0 0 0 0; 3 4 4 4 0 0 0 0 0 0 0 0 0 0 0 0 0 0 0 0; 3 3 3 3 2 1 0 0 0 0 0 0 0 0 0 0 0 0 0 0; 2 3 3 3 2 1 1 0 0 0 0 0 0 0 0 0 0 0 0 0; 1 2 3 2 2 2 0 0 0 0 0 0 0 0 0 0 0 0 0 0; 0 0 0 2 2 0 0 0 0 0 0 0 0 0 0 0 0 0 0 0; 0 0 0 2 1 0 4 5 6 5 5 3 0 0 0 0 0 0 0 0; 0 0 0 2 2 0 4 6 7 6 6 6 0 0 0 0 0 0 0 0; 0 0 0 2 3 0 5 6 7 5 6 5 0 0 0 0 0 0 0 0; 1 1 2 4 4 4 4 3 0 0 3 3 0 0 0 0 0 0 0 0; 0 1 2 2 4 4 3 2 0 0 1 2 0 0 0 0 0 0 0 0; 0 2 2 2 3 4 3 3 0 0 1 1 0 0 0 0 0 0 0 0], Int8[1 1 1 1 0 0 0 0 0 0 0 0 0 2 5 5 3 3 3 1; 2 2 2 0 0 0 0 0 0 0 0 0 0 2 5 5 3 3 3 0; 2 2 2 0 0 0 0 0 0 0 0 0 0 3 5 5 4 3 0 0; 2 2 2 0 0 0 0 0 0 0 0 0 0 0 0 0 5 4 0 0; 1 2 2 0 0 0 0 0 0 0 0 0 0 0 0 0 4 4 0 0; 2 2 2 0 0 0 0 0 0 0 0 0 0 3 3 3 4 2 0 0; 3 2 2 0 0 0 0 0 0 0 0 0 0 2 5 5 3 3 0 0; 1 2 2 1 1 0 0 0 0 0 0 1 0 2 6 5 3 3 3 0; 1 1 2 1 1 0 0 0 0 1 1 1 0 4 3 3 4 1 1 1; 1 1 2 2 0 0 0 0 0 2 1 2 0 3 4 4 1 1 1 0; 1 2 2 2 2 2 2 3 3 2 2 3 3 4 4 0 0 1 1 0; 0 0 2 1 2 2 2 2 2 2 3 3 3 4 2 0 0 0 0 0; 0 0 1 2 2 2 2 2 2 2 2 3 4 4 3 0 0 0 0 0; 0 0 0 0 1 0 0 0 0 0 0 0 0 2 3 0 0 0 0 0; 0 0 0 0 0 0 0 0 0 0 0 0 0 1 1 0 0 0 0 0; 0 0 0 0 0 0 0 0 0 0 0 0 0 1 1 1 0 0 0 0; 0 0 0 0 0 0 0 0 0 0 0 0 0 1 1 1 0 0 0 0; 0 0 0 0 0 0 0 0 0 0 0 0 0 1 0 0 0 0 0 0; 0 0 0 0 0 0 0 0 0 0 0 0 0 0 0 0 0 0 0 0; 0 0 0 0 0 0 0 0 0 0 0 0 0 0 0 0 0 0 0 0]]";[0.0, 19.0, 20.0];[0.0, 19.235384061671343, 18.439088914585774];[19.0, 0.0, 16.0];[19.235384061671343, 0.0, 10.295630140987];[20.0, 16.0, 0.0];[18.439088914585774, 10.295630140987, 0.0]
21;0.7723785166240409;"MMatrix[Int8[10 16 18 18 14 0 0 0 0 0 0 0 0 0 0 0 0 0 0 0; 14 16 21 17 13 0 0 0 0 0 0 0 0 0 0 0 0 0 0 0; 15 19 18 15 11 0 0 0 0 0 0 0 0 0 0 0 0 0 0 0; 9 8 9 0 0 0 0 0 0 0 0 0 0 0 0 0 0 0 0 0; 4 7 5 0 0 0 0 0 0 0 0 0 0 0 0 0 0 0 0 0; 2 2 5 0 0 0 0 0 0 0 0 0 0 0 0 0 0 0 0 0; 1 2 1 0 0 0 0 0 0 0 0 0 0 0 0 0 0 0 0 0; 1 0 0 0 0 0 0 0 0 0 0 0 0 0 0 0 0 0 0 0; 0 0 0 0 0 0 0 0 0 0 0 0 0 0 0 0 0 0 0 0; 0 0 0 0 0 0 0 0 0 0 0 0 0 0 0 0 0 0 0 0; 0 0 0 0 0 0 0 0 0 0 0 0 0 0 0 0 0 0 0 0; 0 0 0 0 0 0 0 0 0 0 0 0 0 0 0 0 0 0 0 0; 0 0 0 0 0 0 0 0 0 0 0 0 0 0 0 0 0 0 0 0; 0 0 0 0 0 0 0 0 0 0 0 0 0 0 0 0 0 0 0 0; 0 0 0 0 0 0 0 0 0 0 0 0 0 0 0 0 0 0 0 0; 0 0 0 0 0 0 0 0 0 0 0 0 0 0 0 0 0 0 0 0; 0 0 0 0 0 0 0 0 0 0 0 0 0 0 0 0 0 0 0 0; 0 0 0 0 0 0 0 0 0 0 0 0 0 0 0 0 0 0 0 0; 0 0 0 0 0 0 0 0 0 0 0 0 0 0 0 0 0 0 0 0; 0 0 0 0 0 0 0 0 0 0 0 0 0 0 0 0 0 0 0 0], Int8[0 2 2 1 1 0 0 0 0 0 0 0 0 0 0 0 0 0 0 0; 2 2 2 1 1 0 0 0 0 0 0 0 0 0 0 0 0 0 0 0; 2 2 2 1 1 0 0 0 0 0 0 0 0 0 0 0 0 0 0 0; 2 2 2 0 0 0 0 0 0 0 0 0 0 0 0 0 0 0 0 0; 2 2 2 0 0 0 0 0 0 0 0 0 0 0 0 0 0 0 0 0; 2 3 2 0 0 0 0 0 0 0 0 0 0 0 0 0 0 0 0 0; 2 3 4 0 0 0 0 0 0 0 0 0 0 0 0 0 0 0 0 0; 3 4 4 3 2 0 0 0 0 0 0 0 0 0 0 0 0 0 0 0; 3 2 3 4 3 0 0 0 0 0 0 0 0 0 0 0 0 0 0 0; 3 4 4 4 0 0 0 0 0 0 0 0 0 0 0 0 0 0 0 0; 3 3 3 3 2 1 0 0 0 0 0 0 0 0 0 0 0 0 0 0; 2 3 3 3 2 1 1 0 0 0 0 0 0 0 0 0 0 0 0 0; 1 2 3 2 2 2 0 0 0 0 0 0 0 0 0 0 0 0 0 0; 0 0 0 2 2 0 0 0 0 0 0 0 0 0 0 0 0 0 0 0; 0 0 0 2 1 0 4 5 6 5 5 3 0 0 0 0 0 0 0 0; 0 0 0 2 2 0 4 6 7 6 6 6 0 0 0 0 0 0 0 0; 0 1 0 2 3 0 5 6 7 5 6 5 0 0 0 0 0 0 0 0; 2 2 3 5 4 4 4 3 0 0 3 3 0 0 0 0 0 0 0 0; 1 2 3 3 4 4 3 2 0 0 1 2 0 0 0 0 0 0 0 0; 1 2 3 3 4 4 3 3 0 0 1 1 0 0 0 0 0 0 0 0], Int8[1 1 1 1 0 0 0 0 0 0 0 0 0 2 5 5 3 3 3 1; 2 2 2 0 0 0 0 0 0 0 0 0 0 2 5 5 3 3 3 0; 2 2 2 0 0 0 0 0 0 0 0 0 0 3 5 5 4 3 0 0; 2 2 2 0 0 0 0 0 0 0 0 0 0 0 0 0 5 4 0 0; 1 2 2 0 0 0 0 0 0 0 0 0 0 0 0 0 4 4 0 0; 2 2 2 0 0 0 0 0 0 0 0 0 0 3 3 3 4 2 0 0; 3 2 2 0 0 0 0 0 0 0 0 0 0 2 5 5 3 3 0 0; 1 2 2 1 1 0 0 0 0 0 0 1 0 2 6 5 3 3 3 0; 1 1 2 1 1 0 0 0 0 1 1 1 0 4 3 3 4 1 1 1; 1 1 2 2 0 0 0 0 0 2 1 2 0 3 4 4 1 1 1 0; 1 2 2 2 2 2 2 3 3 2 2 3 3 4 4 0 0 1 1 0; 0 0 2 1 2 2 2 2 2 2 3 3 3 4 2 0 0 0 0 0; 0 0 1 2 2 2 2 2 2 2 2 3 4 4 3 0 0 0 0 0; 0 0 0 0 1 0 0 0 0 0 0 0 0 2 3 0 0 0 0 0; 0 0 0 0 0 0 0 0 0 0 0 0 0 2 2 0 0 1 0 0; 0 0 0 0 0 0 0 0 0 0 0 0 0 2 2 2 1 1 0 0; 0 0 0 0 0 0 0 0 0 0 0 0 0 2 2 1 1 1 1 0; 0 0 0 0 0 0 0 0 0 0 0 0 0 2 1 1 1 1 0 0; 0 0 0 0 0 0 0 0 0 0 0 0 0 1 1 1 1 0 0 0; 0 0 0 0 0 0 0 0 0 0 0 0 0 0 0 1 0 0 0 0]]";[0.0, 17.0, 20.0];[0.0, 17.11724276862369, 18.439088914585774];[17.0, 0.0, 18.0];[17.11724276862369, 0.0, 14.317821063276353];[20.0, 18.0, 0.0];[18.439088914585774, 14.317821063276353, 0.0]
22;0.8184143222506394;"MMatrix[Int8[11 16 19 19 15 0 0 0 0 0 0 0 0 0 0 0 0 0 0 0; 15 17 22 18 13 0 0 0 0 0 0 0 0 0 0 0 0 0 0 0; 16 20 19 16 11 0 0 0 0 0 0 0 0 0 0 0 0 0 0 0; 9 9 9 0 0 0 0 0 0 0 0 0 0 0 0 0 0 0 0 0; 4 7 5 0 0 0 0 0 0 0 0 0 0 0 0 0 0 0 0 0; 2 2 5 0 0 0 0 0 0 0 0 0 0 0 0 0 0 0 0 0; 1 2 1 0 0 0 0 0 0 0 0 0 0 0 0 0 0 0 0 0; 1 0 0 0 0 0 0 0 0 0 0 0 0 0 0 0 0 0 0 0; 0 0 0 0 0 0 0 0 0 0 0 0 0 0 0 0 0 0 0 0; 0 0 0 0 0 0 0 0 0 0 0 0 0 0 0 0 0 0 0 0; 0 0 0 0 0 0 0 0 0 0 0 0 0 0 0 0 0 0 0 0; 0 0 0 0 0 0 0 0 0 0 0 0 0 0 0 0 0 0 0 0; 0 0 0 0 0 0 0 0 0 0 0 0 0 0 0 0 0 0 0 0; 0 0 0 0 0 0 0 0 0 0 0 0 0 0 0 0 0 0 0 0; 0 0 0 0 0 0 0 0 0 0 0 0 0 0 0 0 0 0 0 0; 0 0 0 0 0 0 0 0 0 0 0 0 0 0 0 0 0 0 0 0; 0 0 0 0 0 0 0 0 0 0 0 0 0 0 0 0 0 0 0 0; 0 0 0 0 0 0 0 0 0 0 0 0 0 0 0 0 0 0 0 0; 0 0 0 0 0 0 0 0 0 0 0 0 0 0 0 0 0 0 0 0; 0 0 0 0 0 0 0 0 0 0 0 0 0 0 0 0 0 0 0 0], Int8[0 2 2 1 1 0 0 0 0 0 0 0 0 0 0 0 0 0 0 0; 2 2 2 1 1 0 0 0 0 0 0 0 0 0 0 0 0 0 0 0; 2 2 2 1 1 0 0 0 0 0 0 0 0 0 0 0 0 0 0 0; 2 2 2 0 0 0 0 0 0 0 0 0 0 0 0 0 0 0 0 0; 2 2 2 0 0 0 0 0 0 0 0 0 0 0 0 0 0 0 0 0; 2 3 2 0 0 0 0 0 0 0 0 0 0 0 0 0 0 0 0 0; 2 3 4 0 0 0 0 0 0 0 0 0 0 0 0 0 0 0 0 0; 3 4 4 3 2 0 0 0 0 0 0 0 0 0 0 0 0 0 0 0; 3 2 3 4 3 0 0 0 0 0 0 0 0 0 0 0 0 0 0 0; 3 4 4 4 0 0 0 0 0 0 0 0 0 0 0 0 0 0 0 0; 3 3 3 3 2 1 0 0 0 0 0 0 0 0 0 0 0 0 0 0; 2 3 3 3 2 1 1 0 0 0 0 0 0 0 0 0 0 0 0 0; 1 2 3 2 2 2 0 0 0 0 0 0 0 0 0 0 0 0 0 0; 0 0 0 2 2 0 0 0 0 0 0 0 0 0 0 0 0 0 0 0; 1 1 0 2 1 0 4 5 6 5 5 3 0 0 0 0 0 0 0 0; 1 1 0 2 2 0 4 6 7 6 6 6 0 0 0 0 0 0 0 0; 1 1 0 2 3 0 5 6 7 5 6 5 0 0 0 0 0 0 0 0; 3 3 4 5 4 4 4 3 0 0 3 3 0 0 0 0 0 0 0 0; 2 3 4 4 4 4 3 2 0 0 1 2 0 0 0 0 0 0 0 0; 1 3 3 3 4 4 3 3 0 0 1 1 0 0 0 0 0 0 0 0], Int8[1 1 1 1 0 0 0 0 0 0 0 0 0 2 5 5 3 3 3 1; 2 2 2 0 0 0 0 0 0 0 0 0 0 2 5 5 3 3 3 0; 2 2 2 0 0 0 0 0 0 0 0 0 0 3 5 5 4 3 0 0; 2 2 2 0 0 0 0 0 0 0 0 0 0 0 0 0 5 4 0 0; 1 2 2 0 0 0 0 0 0 0 0 0 0 0 0 0 4 4 0 0; 2 2 2 0 0 0 0 0 0 0 0 0 0 3 3 3 4 2 0 0; 3 2 2 0 0 0 0 0 0 0 0 0 0 2 5 5 3 3 0 0; 1 2 2 1 1 0 0 0 0 0 0 1 0 2 6 5 3 3 3 0; 1 1 2 1 1 0 0 0 0 1 1 1 0 4 3 3 4 1 1 1; 1 1 2 2 0 0 0 0 0 2 1 2 0 3 4 4 1 1 1 0; 1 2 2 2 2 2 2 3 3 2 2 3 3 4 4 0 0 1 1 0; 0 0 2 1 2 2 2 2 2 2 3 3 3 4 2 0 0 1 0 0; 0 0 1 2 2 2 2 2 2 2 2 3 4 4 3 0 0 1 1 1; 0 0 0 0 1 0 0 0 0 0 0 0 0 2 3 0 0 1 1 1; 0 0 0 0 0 0 0 0 0 0 0 0 0 2 2 0 0 1 1 1; 0 0 0 0 0 0 0 0 0 0 0 0 0 2 2 2 2 2 1 1; 0 0 0 0 0 0 0 0 0 0 0 0 0 2 2 2 2 2 2 1; 0 0 0 0 0 0 0 0 0 0 0 0 0 2 1 1 1 2 0 0; 0 0 0 0 0 0 0 0 0 0 0 0 0 1 1 1 1 0 0 0; 0 0 0 0 0 0 0 0 0 0 0 0 0 0 0 1 0 0 0 0]]";[0.0, 18.0, 23.0];[0.0, 16.0, 21.2602916254693];[18.0, 0.0, 18.0];[16.0, 0.0, 16.1245154965971];[23.0, 18.0, 0.0];[21.2602916254693, 16.1245154965971, 0.0]
23;0.8312020460358056;"MMatrix[Int8[11 17 20 20 15 0 0 0 0 0 0 0 0 0 0 0 0 0 0 0; 15 17 23 19 14 0 0 0 0 0 0 0 0 0 0 0 0 0 0 0; 16 20 20 17 12 0 0 0 0 0 0 0 0 0 0 0 0 0 0 0; 9 9 9 0 0 0 0 0 0 0 0 0 0 0 0 0 0 0 0 0; 4 7 5 0 0 0 0 0 0 0 0 0 0 0 0 0 0 0 0 0; 2 2 5 0 0 0 0 0 0 0 0 0 0 0 0 0 0 0 0 0; 1 2 1 0 0 0 0 0 0 0 0 0 0 0 0 0 0 0 0 0; 1 0 0 0 0 0 0 0 0 0 0 0 0 0 0 0 0 0 0 0; 0 0 0 0 0 0 0 0 0 0 0 0 0 0 0 0 0 0 0 0; 0 0 0 0 0 0 0 0 0 0 0 0 0 0 0 0 0 0 0 0; 0 0 0 0 0 0 0 0 0 0 0 0 0 0 0 0 0 0 0 0; 0 0 0 0 0 0 0 0 0 0 0 0 0 0 0 0 0 0 0 0; 0 0 0 0 0 0 0 0 0 0 0 0 0 0 0 0 0 0 0 0; 0 0 0 0 0 0 0 0 0 0 0 0 0 0 0 0 0 0 0 0; 0 0 0 0 0 0 0 0 0 0 0 0 0 0 0 0 0 0 0 0; 0 0 0 0 0 0 0 0 0 0 0 0 0 0 0 0 0 0 0 0; 0 0 0 0 0 0 0 0 0 0 0 0 0 0 0 0 0 0 0 0; 0 0 0 0 0 0 0 0 0 0 0 0 0 0 0 0 0 0 0 0; 0 0 0 0 0 0 0 0 0 0 0 0 0 0 0 0 0 0 0 0; 0 0 0 0 0 0 0 0 0 0 0 0 0 0 0 0 0 0 0 0], Int8[0 2 2 1 1 0 0 0 0 0 0 0 0 0 0 0 0 0 0 0; 2 2 2 1 1 0 0 0 0 0 0 0 0 0 0 0 0 0 0 0; 2 2 2 1 1 0 0 0 0 0 0 0 0 0 0 0 0 0 0 0; 2 2 2 0 0 0 0 0 0 0 0 0 0 0 0 0 0 0 0 0; 2 2 2 0 0 0 0 0 0 0 0 0 0 0 0 0 0 0 0 0; 2 3 2 0 0 0 0 0 0 0 0 0 0 0 0 0 0 0 0 0; 2 3 4 0 0 0 0 0 0 0 0 0 0 0 0 0 0 0 0 0; 3 4 4 3 2 0 0 0 0 0 0 0 0 0 0 0 0 0 0 0; 3 2 3 4 3 0 0 0 0 0 0 0 0 0 0 0 0 0 0 0; 3 4 4 4 0 0 0 0 0 0 0 0 0 0 0 0 0 0 0 0; 3 3 3 3 2 1 0 0 0 0 0 0 0 0 0 0 0 0 0 0; 2 3 3 3 2 1 1 0 0 0 0 0 0 0 0 0 0 0 0 0; 1 2 3 2 2 2 0 0 0 0 0 0 0 0 0 0 0 0 0 0; 0 0 0 2 2 0 0 0 0 0 0 0 0 0 0 0 0 0 0 0; 2 1 0 2 1 0 4 5 6 5 5 3 0 0 0 0 0 0 0 0; 2 2 0 2 2 0 4 6 7 6 6 6 0 0 0 0 0 0 0 0; 2 2 0 2 3 0 5 6 7 5 6 5 0 0 0 0 0 0 0 0; 3 4 4 5 4 4 4 3 0 0 3 3 0 0 0 0 0 0 0 0; 2 3 4 4 4 4 3 2 0 0 1 2 0 0 0 0 0 0 0 0; 1 3 3 3 4 4 3 3 0 0 1 1 0 0 0 0 0 0 0 0], Int8[1 1 1 1 0 0 0 0 0 0 0 0 0 2 5 5 3 3 3 1; 2 2 2 0 0 0 0 0 0 0 0 0 0 2 5 5 3 3 3 0; 2 2 2 0 0 0 0 0 0 0 0 0 0 3 5 5 4 3 0 0; 2 2 2 0 0 0 0 0 0 0 0 0 0 0 0 0 5 4 0 0; 1 2 2 0 0 0 0 0 0 0 0 0 0 0 0 0 4 4 0 0; 2 2 2 0 0 0 0 0 0 0 0 0 0 3 3 3 4 2 0 0; 3 2 2 0 0 0 0 0 0 0 0 0 0 2 5 5 3 3 0 0; 1 2 2 1 1 0 0 0 0 0 0 1 0 2 6 5 3 3 3 0; 1 1 2 1 1 0 0 0 0 1 1 1 0 4 3 3 4 1 1 1; 1 1 2 2 0 0 0 0 0 2 1 2 0 3 4 4 1 1 1 1; 1 2 2 2 2 2 2 3 3 2 2 3 3 4 4 0 0 2 2 1; 0 0 2 1 2 2 2 2 2 2 3 3 3 4 2 0 0 2 1 1; 0 0 1 2 2 2 2 2 2 2 2 3 4 4 3 0 0 2 2 1; 0 0 0 0 1 0 0 0 0 0 0 0 0 2 3 0 0 2 2 2; 0 0 0 0 0 0 0 0 0 0 0 0 0 2 2 0 0 2 2 2; 0 0 0 0 0 0 0 0 0 0 0 0 0 2 2 2 2 2 1 2; 0 0 0 0 0 0 0 0 0 0 0 0 0 2 2 2 2 2 2 1; 0 0 0 0 0 0 0 0 0 0 0 0 0 2 1 1 1 2 0 0; 0 0 0 0 0 0 0 0 0 0 0 0 0 1 1 1 1 0 0 0; 0 0 0 0 0 0 0 0 0 0 0 0 0 0 0 1 0 0 0 0]]";[0.0, 20.0, 25.0];[0.0, 14.317821063276353, 19.209372712298546];[20.0, 0.0, 22.0];[14.317821063276353, 0.0, 18.110770276274835];[25.0, 22.0, 0.0];[19.209372712298546, 18.110770276274835, 0.0]
24;0.8388746803069054;"MMatrix[Int8[12 18 21 21 16 0 0 0 0 0 0 0 0 0 0 0 0 0 0 0; 16 18 24 20 15 0 0 0 0 0 0 0 0 0 0 0 0 0 0 0; 17 21 20 18 13 0 0 0 0 0 0 0 0 0 0 0 0 0 0 0; 10 10 10 0 0 0 0 0 0 0 0 0 0 0 0 0 0 0 0 0; 5 8 6 0 0 0 0 0 0 0 0 0 0 0 0 0 0 0 0 0; 2 2 6 0 0 0 0 0 0 0 0 0 0 0 0 0 0 0 0 0; 1 2 1 0 0 0 0 0 0 0 0 0 0 0 0 0 0 0 0 0; 1 0 0 0 0 0 0 0 0 0 0 0 0 0 0 0 0 0 0 0; 0 0 0 0 0 0 0 0 0 0 0 0 0 0 0 0 0 0 0 0; 0 0 0 0 0 0 0 0 0 0 0 0 0 0 0 0 0 0 0 0; 0 0 0 0 0 0 0 0 0 0 0 0 0 0 0 0 0 0 0 0; 0 0 0 0 0 0 0 0 0 0 0 0 0 0 0 0 0 0 0 0; 0 0 0 0 0 0 0 0 0 0 0 0 0 0 0 0 0 0 0 0; 0 0 0 0 0 0 0 0 0 0 0 0 0 0 0 0 0 0 0 0; 0 0 0 0 0 0 0 0 0 0 0 0 0 0 0 0 0 0 0 0; 0 0 0 0 0 0 0 0 0 0 0 0 0 0 0 0 0 0 0 0; 0 0 0 0 0 0 0 0 0 0 0 0 0 0 0 0 0 0 0 0; 0 0 0 0 0 0 0 0 0 0 0 0 0 0 0 0 0 0 0 0; 0 0 0 0 0 0 0 0 0 0 0 0 0 0 0 0 0 0 0 0; 0 0 0 0 0 0 0 0 0 0 0 0 0 0 0 0 0 0 0 0], Int8[0 2 2 1 1 0 0 0 0 0 0 0 0 0 0 0 0 0 0 0; 2 2 2 1 1 0 0 0 0 0 0 0 0 0 0 0 0 0 0 0; 2 2 2 1 1 0 0 0 0 0 0 0 0 0 0 0 0 0 0 0; 2 2 2 0 0 0 0 0 0 0 0 0 0 0 0 0 0 0 0 0; 2 2 2 0 0 0 0 0 0 0 0 0 0 0 0 0 0 0 0 0; 2 3 2 0 0 0 0 0 0 0 0 0 0 0 0 0 0 0 0 0; 2 3 4 0 0 0 0 0 0 0 0 0 0 0 0 0 0 0 0 0; 3 4 4 3 2 0 0 0 0 0 0 0 0 0 0 0 0 0 0 0; 3 2 3 4 3 0 0 0 0 0 0 0 0 0 0 0 0 0 0 0; 3 4 4 4 0 0 0 0 0 0 0 0 0 0 0 0 0 0 0 0; 3 3 3 3 2 1 0 0 0 0 0 0 0 0 0 0 0 0 0 0; 2 3 3 3 2 1 1 0 0 0 0 0 0 0 0 0 0 0 0 0; 1 2 3 2 2 2 0 0 0 0 0 0 0 0 0 0 0 0 0 0; 0 0 0 2 2 0 0 0 0 0 0 0 0 0 0 0 0 0 0 0; 2 2 0 2 1 0 4 5 6 5 5 3 0 0 0 0 0 0 0 0; 3 3 0 2 2 0 4 6 7 6 6 6 0 0 0 0 0 0 0 0; 3 3 0 2 3 0 5 6 7 5 6 5 0 0 0 0 0 0 0 0; 4 4 5 6 5 4 4 3 0 0 3 3 0 0 0 0 0 0 0 0; 3 4 5 5 4 4 3 2 0 0 1 2 0 0 0 0 0 0 0 0; 2 4 4 4 4 4 3 3 0 0 1 1 0 0 0 0 0 0 0 0], Int8[1 1 1 1 0 0 0 0 0 0 0 0 0 2 5 5 3 3 3 1; 2 2 2 0 0 0 0 0 0 0 0 0 0 2 5 5 3 3 3 0; 2 2 2 0 0 0 0 0 0 0 0 0 0 3 5 5 4 3 0 0; 2 2 2 0 0 0 0 0 0 0 0 0 0 0 0 0 5 4 0 0; 1 2 2 0 0 0 0 0 0 0 0 0 0 0 0 0 4 4 0 0; 2 2 2 0 0 0 0 0 0 0 0 0 0 3 3 3 4 2 0 0; 3 2 2 0 0 0 0 0 0 0 0 0 0 2 5 5 3 3 0 0; 1 2 2 1 1 0 0 0 0 0 0 1 0 2 6 5 3 3 3 0; 1 1 2 1 1 0 0 0 0 1 1 1 0 4 3 3 4 1 1 1; 1 1 2 2 0 0 0 0 0 2 1 2 0 3 4 4 1 1 1 1; 1 2 2 2 2 2 2 3 3 2 2 3 3 4 4 0 0 2 2 1; 0 0 2 1 2 2 2 2 2 2 3 3 3 4 2 0 0 2 1 1; 0 0 1 2 2 2 2 2 2 2 2 3 4 4 3 0 0 2 2 2; 0 0 0 0 1 0 0 0 0 0 0 0 0 2 3 0 0 3 3 3; 0 0 0 0 0 0 0 0 0 0 0 0 0 2 2 0 0 3 3 3; 0 0 0 0 0 0 0 0 0 0 0 0 0 2 2 2 3 3 2 2; 0 0 0 0 0 0 0 0 0 0 0 0 0 2 2 2 2 3 3 2; 0 0 0 0 0 0 0 0 0 0 0 0 0 2 1 1 1 3 1 1; 0 0 0 0 0 0 0 0 0 0 0 0 0 1 1 1 1 0 0 0; 0 0 0 0 0 0 0 0 0 0 0 0 0 0 0 1 0 0 0 0]]";[0.0, 16.0, 23.0];[0.0, 15.033296378372908, 21.400934559032695];[16.0, 0.0, 20.0];[15.033296378372908, 0.0, 18.110770276274835];[23.0, 20.0, 0.0];[21.400934559032695, 18.110770276274835, 0.0]
25;0.8414322250639387;"MMatrix[Int8[12 18 22 22 17 0 0 0 0 0 0 0 0 0 0 0 0 0 0 0; 16 18 25 21 16 0 0 0 0 0 0 0 0 0 0 0 0 0 0 0; 17 22 21 19 13 0 0 0 0 0 0 0 0 0 0 0 0 0 0 0; 10 10 10 0 0 0 0 0 0 0 0 0 0 0 0 0 0 0 0 0; 5 8 6 0 0 0 0 0 0 0 0 0 0 0 0 0 0 0 0 0; 2 2 6 0 0 0 0 0 0 0 0 0 0 0 0 0 0 0 0 0; 1 2 1 0 0 0 0 0 0 0 0 0 0 0 0 0 0 0 0 0; 1 0 0 0 0 0 0 0 0 0 0 0 0 0 0 0 0 0 0 0; 0 0 0 0 0 0 0 0 0 0 0 0 0 0 0 0 0 0 0 0; 0 0 0 0 0 0 0 0 0 0 0 0 0 0 0 0 0 0 0 0; 0 0 0 0 0 0 0 0 0 0 0 0 0 0 0 0 0 0 0 0; 0 0 0 0 0 0 0 0 0 0 0 0 0 0 0 0 0 0 0 0; 0 0 0 0 0 0 0 0 0 0 0 0 0 0 0 0 0 0 0 0; 0 0 0 0 0 0 0 0 0 0 0 0 0 0 0 0 0 0 0 0; 0 0 0 0 0 0 0 0 0 0 0 0 0 0 0 0 0 0 0 0; 0 0 0 0 0 0 0 0 0 0 0 0 0 0 0 0 0 0 0 0; 0 0 0 0 0 0 0 0 0 0 0 0 0 0 0 0 0 0 0 0; 0 0 0 0 0 0 0 0 0 0 0 0 0 0 0 0 0 0 0 0; 0 0 0 0 0 0 0 0 0 0 0 0 0 0 0 0 0 0 0 0; 0 0 0 0 0 0 0 0 0 0 0 0 0 0 0 0 0 0 0 0], Int8[0 2 2 1 1 0 0 0 0 0 0 0 0 0 0 0 0 0 0 0; 2 2 2 1 1 0 0 0 0 0 0 0 0 0 0 0 0 0 0 0; 2 2 2 1 1 0 0 0 0 0 0 0 0 0 0 0 0 0 0 0; 2 2 2 0 0 0 0 0 0 0 0 0 0 0 0 0 0 0 0 0; 2 2 2 0 0 0 0 0 0 0 0 0 0 0 0 0 0 0 0 0; 2 3 2 0 0 0 0 0 0 0 0 0 0 0 0 0 0 0 0 0; 2 3 4 0 0 0 0 0 0 0 0 0 0 0 0 0 0 0 0 0; 3 4 4 3 2 0 0 0 0 0 0 0 0 0 0 0 0 0 0 0; 3 2 3 4 3 0 0 0 0 0 0 0 0 0 0 0 0 0 0 0; 3 4 4 4 0 0 0 0 0 0 0 0 0 0 0 0 0 0 0 0; 3 3 3 3 2 1 0 0 0 0 0 0 0 0 0 0 0 0 0 0; 2 3 3 3 2 1 1 0 0 0 0 0 0 0 0 0 0 0 0 0; 1 2 3 2 2 2 0 0 0 0 0 0 0 0 0 0 0 0 0 0; 0 0 0 2 2 0 0 0 0 0 0 0 0 0 0 0 0 0 0 0; 2 2 0 2 1 0 4 5 6 5 5 3 0 0 0 0 0 0 0 0; 3 3 0 2 2 0 4 6 7 6 6 6 0 0 0 0 0 0 0 0; 3 3 0 3 3 0 5 6 7 5 6 5 0 0 0 0 0 0 0 0; 4 5 6 7 6 5 4 3 0 0 3 3 0 0 0 0 0 0 0 0; 3 5 6 6 5 5 3 2 0 0 1 2 0 0 0 0 0 0 0 0; 3 5 5 4 5 5 4 3 0 0 1 1 0 0 0 0 0 0 0 0], Int8[1 1 1 1 0 0 0 0 0 0 0 0 0 2 5 5 3 3 3 1; 2 2 2 0 0 0 0 0 0 0 0 0 0 2 5 5 3 3 3 0; 2 2 2 0 0 0 0 0 0 0 0 0 0 3 5 5 4 3 0 0; 2 2 2 0 0 0 0 0 0 0 0 0 0 0 0 0 5 4 0 0; 1 2 2 0 0 0 0 0 0 0 0 0 0 0 0 0 4 4 0 0; 2 2 2 0 0 0 0 0 0 0 0 0 0 3 3 3 4 2 0 0; 3 2 2 0 0 0 0 0 0 0 0 0 0 2 5 5 3 3 0 0; 1 2 2 1 1 0 0 0 0 0 0 1 0 2 6 5 3 3 3 0; 1 1 2 1 1 0 0 0 0 1 1 1 0 4 3 3 4 1 1 1; 1 1 2 2 0 0 0 0 0 2 1 2 0 3 4 4 1 1 1 1; 1 2 2 2 2 2 2 3 3 2 2 3 3 4 4 0 0 2 2 1; 0 0 2 1 2 2 2 2 2 2 3 3 3 4 2 0 0 2 1 1; 0 0 1 2 2 2 2 2 2 2 2 3 4 4 3 0 0 2 2 2; 0 0 0 0 1 0 0 0 0 0 0 0 0 2 3 0 0 3 3 3; 0 0 0 0 0 0 0 0 0 0 0 0 0 2 2 0 0 3 3 4; 0 0 0 0 0 0 0 0 0 0 0 0 0 2 2 2 3 4 3 3; 0 0 0 0 0 0 0 0 0 0 0 0 0 2 2 2 2 4 4 3; 0 0 0 0 0 0 0 0 0 0 0 0 0 2 1 1 2 4 2 1; 0 0 0 0 0 0 0 0 0 0 0 0 0 1 1 1 1 0 0 0; 0 0 0 0 0 0 0 0 0 0 0 0 0 0 0 1 0 0 0 0]]";[0.0, 18.0, 24.0];[0.0, 17.029386365926403, 21.213203435596427];[18.0, 0.0, 21.0];[17.029386365926403, 0.0, 16.1245154965971];[24.0, 21.0, 0.0];[21.213203435596427, 16.1245154965971, 0.0]
26;0.8465473145780051;"MMatrix[Int8[13 19 23 23 17 0 0 0 0 0 0 0 0 0 0 0 0 0 0 0; 17 19 26 22 16 0 0 0 0 0 0 0 0 0 0 0 0 0 0 0; 18 22 22 20 14 0 0 0 0 0 0 0 0 0 0 0 0 0 0 0; 11 11 11 0 0 0 0 0 0 0 0 0 0 0 0 0 0 0 0 0; 6 9 7 0 0 0 0 0 0 0 0 0 0 0 0 0 0 0 0 0; 2 3 6 0 0 0 0 0 0 0 0 0 0 0 0 0 0 0 0 0; 1 2 1 0 0 0 0 0 0 0 0 0 0 0 0 0 0 0 0 0; 1 0 0 0 0 0 0 0 0 0 0 0 0 0 0 0 0 0 0 0; 0 0 0 0 0 0 0 0 0 0 0 0 0 0 0 0 0 0 0 0; 0 0 0 0 0 0 0 0 0 0 0 0 0 0 0 0 0 0 0 0; 0 0 0 0 0 0 0 0 0 0 0 0 0 0 0 0 0 0 0 0; 0 0 0 0 0 0 0 0 0 0 0 0 0 0 0 0 0 0 0 0; 0 0 0 0 0 0 0 0 0 0 0 0 0 0 0 0 0 0 0 0; 0 0 0 0 0 0 0 0 0 0 0 0 0 0 0 0 0 0 0 0; 0 0 0 0 0 0 0 0 0 0 0 0 0 0 0 0 0 0 0 0; 0 0 0 0 0 0 0 0 0 0 0 0 0 0 0 0 0 0 0 0; 0 0 0 0 0 0 0 0 0 0 0 0 0 0 0 0 0 0 0 0; 0 0 0 0 0 0 0 0 0 0 0 0 0 0 0 0 0 0 0 0; 0 0 0 0 0 0 0 0 0 0 0 0 0 0 0 0 0 0 0 0; 0 0 0 0 0 0 0 0 0 0 0 0 0 0 0 0 0 0 0 0], Int8[0 2 2 1 1 0 0 0 0 0 0 0 0 0 0 0 0 0 0 0; 2 2 2 1 1 0 0 0 0 0 0 0 0 0 0 0 0 0 0 0; 2 2 2 1 1 0 0 0 0 0 0 0 0 0 0 0 0 0 0 0; 2 2 2 0 0 0 0 0 0 0 0 0 0 0 0 0 0 0 0 0; 2 2 2 0 0 0 0 0 0 0 0 0 0 0 0 0 0 0 0 0; 2 3 2 0 0 0 0 0 0 0 0 0 0 0 0 0 0 0 0 0; 2 3 4 0 0 0 0 0 0 0 0 0 0 0 0 0 0 0 0 0; 3 4 4 3 2 0 0 0 0 0 0 0 0 0 0 0 0 0 0 0; 3 2 3 4 3 0 0 0 0 0 0 0 0 0 0 0 0 0 0 0; 3 4 4 4 0 0 0 0 0 0 0 0 0 0 0 0 0 0 0 0; 3 3 3 3 2 1 0 0 0 0 0 0 0 0 0 0 0 0 0 0; 2 3 3 3 2 1 1 0 0 0 0 0 0 0 0 0 0 0 0 0; 1 2 3 2 2 2 0 0 0 0 0 0 0 0 0 0 0 0 0 0; 0 0 0 2 2 0 0 0 0 0 0 0 0 0 0 0 0 0 0 0; 2 2 0 2 1 0 4 5 6 5 5 3 0 0 0 0 0 0 0 0; 3 3 0 3 2 0 4 7 7 6 6 6 0 0 0 0 0 0 0 0; 3 3 0 4 4 0 6 7 7 5 6 5 0 0 0 0 0 0 0 0; 4 5 7 8 7 5 5 4 0 0 3 3 0 0 0 0 0 0 0 0; 3 5 6 7 6 6 4 3 0 0 1 2 0 0 0 0 0 0 0 0; 3 5 5 5 6 6 5 4 0 0 1 1 0 0 0 0 0 0 0 0], Int8[1 1 1 1 0 0 0 0 0 0 0 0 0 2 5 5 3 3 3 1; 2 2 2 0 0 0 0 0 0 0 0 0 0 2 5 5 3 3 3 0; 2 2 2 0 0 0 0 0 0 0 0 0 0 3 5 5 4 3 0 0; 2 2 2 0 0 0 0 0 0 0 0 0 0 0 0 0 5 4 0 0; 1 2 2 0 0 0 0 0 0 0 0 0 0 0 0 0 4 4 0 0; 2 2 2 0 0 0 0 0 0 0 0 0 0 3 3 3 4 2 0 0; 3 2 2 0 0 0 0 0 0 0 0 0 0 2 5 5 3 3 0 0; 1 2 2 1 1 0 0 0 0 0 0 1 0 2 6 5 3 3 3 0; 1 1 2 1 1 0 0 0 0 1 1 1 0 4 3 3 4 1 1 1; 1 1 2 2 0 0 0 0 0 2 1 2 0 3 4 4 1 1 1 1; 1 2 2 2 2 2 2 3 3 2 2 3 3 4 4 0 0 2 2 1; 0 0 2 1 2 2 2 2 2 2 3 3 3 4 2 0 0 2 1 1; 0 0 1 2 2 2 2 2 2 2 2 3 4 4 3 0 0 2 2 2; 0 0 0 0 1 0 0 0 0 0 0 0 0 2 3 0 0 3 3 3; 0 0 0 0 0 0 0 0 0 0 0 0 0 2 2 0 0 3 3 4; 0 0 0 0 0 0 0 0 0 0 0 0 0 2 3 3 4 5 4 3; 0 0 0 0 0 0 0 0 0 0 0 0 0 2 3 3 3 5 5 3; 0 0 0 0 0 0 0 0 0 0 0 0 0 3 2 2 2 5 3 2; 0 0 0 0 0 0 0 0 0 0 0 0 0 1 2 2 2 0 0 0; 0 0 0 0 0 0 0 0 0 0 0 0 0 0 1 2 1 0 0 0]]";[0.0, 15.0, 21.0];[0.0, 15.524174696260024, 21.213203435596427];[15.0, 0.0, 17.0];[15.524174696260024, 0.0, 11.0];[21.0, 17.0, 0.0];[21.213203435596427, 11.0, 0.0]
27;0.8491048593350383;"MMatrix[Int8[13 19 24 24 18 0 0 0 0 0 0 0 0 0 0 0 0 0 0 0; 17 19 27 23 17 0 0 0 0 0 0 0 0 0 0 0 0 0 0 0; 18 23 23 21 14 0 0 0 0 0 0 0 0 0 0 0 0 0 0 0; 11 11 11 0 0 0 0 0 0 0 0 0 0 0 0 0 0 0 0 0; 6 9 7 0 0 0 0 0 0 0 0 0 0 0 0 0 0 0 0 0; 2 3 6 0 0 0 0 0 0 0 0 0 0 0 0 0 0 0 0 0; 1 2 1 0 0 0 0 0 0 0 0 0 0 0 0 0 0 0 0 0; 1 0 0 0 0 0 0 0 0 0 0 0 0 0 0 0 0 0 0 0; 0 0 0 0 0 0 0 0 0 0 0 0 0 0 0 0 0 0 0 0; 0 0 0 0 0 0 0 0 0 0 0 0 0 0 0 0 0 0 0 0; 0 0 0 0 0 0 0 0 0 0 0 0 0 0 0 0 0 0 0 0; 0 0 0 0 0 0 0 0 0 0 0 0 0 0 0 0 0 0 0 0; 0 0 0 0 0 0 0 0 0 0 0 0 0 0 0 0 0 0 0 0; 0 0 0 0 0 0 0 0 0 0 0 0 0 0 0 0 0 0 0 0; 0 0 0 0 0 0 0 0 0 0 0 0 0 0 0 0 0 0 0 0; 0 0 0 0 0 0 0 0 0 0 0 0 0 0 0 0 0 0 0 0; 0 0 0 0 0 0 0 0 0 0 0 0 0 0 0 0 0 0 0 0; 0 0 0 0 0 0 0 0 0 0 0 0 0 0 0 0 0 0 0 0; 0 0 0 0 0 0 0 0 0 0 0 0 0 0 0 0 0 0 0 0; 0 0 0 0 0 0 0 0 0 0 0 0 0 0 0 0 0 0 0 0], Int8[0 2 2 1 1 0 0 0 0 0 0 0 0 0 0 0 0 0 0 0; 2 2 2 1 1 0 0 0 0 0 0 0 0 0 0 0 0 0 0 0; 2 2 2 1 1 0 0 0 0 0 0 0 0 0 0 0 0 0 0 0; 2 2 2 0 0 0 0 0 0 0 0 0 0 0 0 0 0 0 0 0; 2 2 2 0 0 0 0 0 0 0 0 0 0 0 0 0 0 0 0 0; 2 3 2 0 0 0 0 0 0 0 0 0 0 0 0 0 0 0 0 0; 2 3 4 0 0 0 0 0 0 0 0 0 0 0 0 0 0 0 0 0; 3 4 4 3 2 0 0 0 0 0 0 0 0 0 0 0 0 0 0 0; 3 2 3 4 3 0 0 0 0 0 0 0 0 0 0 0 0 0 0 0; 3 4 4 4 0 0 0 0 0 0 0 0 0 0 0 0 0 0 0 0; 3 3 3 3 2 1 0 0 0 0 0 0 0 0 0 0 0 0 0 0; 2 3 3 3 2 1 1 0 0 0 0 0 0 0 0 0 0 0 0 0; 1 2 3 3 2 2 0 0 0 0 0 0 0 0 0 0 0 0 0 0; 0 0 0 3 3 0 0 0 0 0 0 0 0 0 0 0 0 0 0 0; 2 2 0 3 2 0 4 5 6 5 5 3 0 0 0 0 0 0 0 0; 3 3 0 3 3 0 4 7 7 6 6 6 0 0 0 0 0 0 0 0; 3 3 0 5 5 0 6 7 7 5 6 5 0 0 0 0 0 0 0 0; 4 5 7 9 8 6 5 4 0 0 3 3 0 0 0 0 0 0 0 0; 3 5 6 8 6 6 4 3 0 0 1 2 0 0 0 0 0 0 0 0; 3 5 5 5 6 6 5 4 0 0 1 1 0 0 0 0 0 0 0 0], Int8[1 1 1 1 0 0 0 0 0 0 0 0 0 2 5 5 3 3 3 1; 2 2 2 0 0 0 0 0 0 0 0 0 0 2 5 5 3 3 3 0; 2 2 2 0 0 0 0 0 0 0 0 0 0 3 5 5 4 3 0 0; 2 2 2 0 0 0 0 0 0 0 0 0 0 0 0 0 5 4 0 0; 1 2 2 0 0 0 0 0 0 0 0 0 0 0 0 0 4 4 0 0; 2 2 2 0 0 0 0 0 0 0 0 0 0 3 3 3 4 2 0 0; 3 2 2 0 0 0 0 0 0 0 0 0 0 2 5 5 3 3 0 0; 1 2 2 1 1 0 0 0 0 0 0 1 0 2 6 5 3 3 3 0; 1 1 2 1 1 0 0 0 0 1 1 1 0 4 3 3 4 1 1 1; 1 1 2 2 0 0 0 0 0 2 1 2 0 3 4 4 1 1 1 1; 1 2 2 2 2 2 2 3 3 2 2 3 3 4 4 0 0 2 2 1; 0 0 2 1 2 2 2 2 2 2 3 3 3 4 2 0 0 2 1 1; 0 0 1 2 2 2 2 2 2 2 2 3 4 4 3 0 0 2 2 2; 0 0 0 0 1 0 0 0 0 0 0 0 0 2 3 0 0 3 3 3; 0 0 0 0 0 0 0 0 0 0 0 0 0 3 2 0 0 3 3 4; 0 0 0 0 0 0 0 0 0 0 0 0 0 3 4 4 4 5 4 3; 0 0 0 0 0 0 0 0 0 0 0 0 0 3 4 4 3 5 5 3; 0 0 0 0 0 0 0 0 0 0 0 0 0 3 3 3 3 5 3 2; 0 0 0 0 0 0 0 0 0 0 0 0 0 2 3 3 2 0 0 0; 0 0 0 0 0 0 0 0 0 0 0 0 0 1 2 3 1 0 0 0]]";[0.0, 14.0, 22.0];[0.0, 13.038404810405298, 17.4928556845359];[14.0, 0.0, 15.0];[13.038404810405298, 0.0, 10.198039027185569];[22.0, 15.0, 0.0];[17.4928556845359, 10.198039027185569, 0.0]
28;0.8491048593350383;"MMatrix[Int8[14 20 25 25 18 0 0 0 0 0 0 0 0 0 0 0 0 0 0 0; 18 20 28 24 17 0 0 0 0 0 0 0 0 0 0 0 0 0 0 0; 19 23 24 22 15 0 0 0 0 0 0 0 0 0 0 0 0 0 0 0; 12 12 12 0 0 0 0 0 0 0 0 0 0 0 0 0 0 0 0 0; 7 10 8 0 0 0 0 0 0 0 0 0 0 0 0 0 0 0 0 0; 2 4 6 0 0 0 0 0 0 0 0 0 0 0 0 0 0 0 0 0; 1 2 1 0 0 0 0 0 0 0 0 0 0 0 0 0 0 0 0 0; 1 0 0 0 0 0 0 0 0 0 0 0 0 0 0 0 0 0 0 0; 0 0 0 0 0 0 0 0 0 0 0 0 0 0 0 0 0 0 0 0; 0 0 0 0 0 0 0 0 0 0 0 0 0 0 0 0 0 0 0 0; 0 0 0 0 0 0 0 0 0 0 0 0 0 0 0 0 0 0 0 0; 0 0 0 0 0 0 0 0 0 0 0 0 0 0 0 0 0 0 0 0; 0 0 0 0 0 0 0 0 0 0 0 0 0 0 0 0 0 0 0 0; 0 0 0 0 0 0 0 0 0 0 0 0 0 0 0 0 0 0 0 0; 0 0 0 0 0 0 0 0 0 0 0 0 0 0 0 0 0 0 0 0; 0 0 0 0 0 0 0 0 0 0 0 0 0 0 0 0 0 0 0 0; 0 0 0 0 0 0 0 0 0 0 0 0 0 0 0 0 0 0 0 0; 0 0 0 0 0 0 0 0 0 0 0 0 0 0 0 0 0 0 0 0; 0 0 0 0 0 0 0 0 0 0 0 0 0 0 0 0 0 0 0 0; 0 0 0 0 0 0 0 0 0 0 0 0 0 0 0 0 0 0 0 0], Int8[0 2 2 1 1 0 0 0 0 0 0 0 0 0 0 0 0 0 0 0; 2 2 2 1 1 0 0 0 0 0 0 0 0 0 0 0 0 0 0 0; 2 2 2 1 1 0 0 0 0 0 0 0 0 0 0 0 0 0 0 0; 2 2 2 0 0 0 0 0 0 0 0 0 0 0 0 0 0 0 0 0; 2 2 2 0 0 0 0 0 0 0 0 0 0 0 0 0 0 0 0 0; 2 3 2 0 0 0 0 0 0 0 0 0 0 0 0 0 0 0 0 0; 2 3 4 0 0 0 0 0 0 0 0 0 0 0 0 0 0 0 0 0; 3 4 4 3 2 0 0 0 0 0 0 0 0 0 0 0 0 0 0 0; 3 2 3 4 3 0 0 0 0 0 0 0 0 0 0 0 0 0 0 0; 3 4 4 5 0 0 0 0 0 0 0 0 0 0 0 0 0 0 0 0; 3 4 4 4 3 2 0 0 0 0 0 0 0 0 0 0 0 0 0 0; 2 4 4 4 3 2 1 0 0 0 0 0 0 0 0 0 0 0 0 0; 2 3 4 3 3 3 1 0 0 0 0 0 0 0 0 0 0 0 0 0; 0 0 0 4 4 0 0 0 0 0 0 0 0 0 0 0 0 0 0 0; 2 2 0 4 3 0 4 5 6 5 5 3 0 0 0 0 0 0 0 0; 3 3 0 4 3 0 4 7 7 6 6 6 0 0 0 0 0 0 0 0; 3 3 0 5 5 0 6 7 7 5 6 5 0 0 0 0 0 0 0 0; 4 5 7 9 8 6 5 4 0 0 3 3 0 0 0 0 0 0 0 0; 3 5 6 8 6 6 4 3 0 0 1 2 0 0 0 0 0 0 0 0; 3 5 5 5 6 6 5 4 0 0 1 1 0 0 0 0 0 0 0 0], Int8[1 1 1 1 0 0 0 0 0 0 0 0 0 2 5 5 3 3 3 1; 2 2 2 0 0 0 0 0 0 0 0 0 0 2 5 5 3 3 3 0; 2 2 2 0 0 0 0 0 0 0 0 0 0 3 5 5 4 3 0 0; 2 2 2 0 0 0 0 0 0 0 0 0 0 0 0 0 5 4 0 0; 1 2 2 0 0 0 0 0 0 0 0 0 0 0 0 0 4 4 0 0; 2 2 2 0 0 0 0 0 0 0 0 0 0 3 3 3 4 2 0 0; 3 2 2 0 0 0 0 0 0 0 0 0 0 2 5 5 3 3 0 0; 1 2 2 1 1 0 0 0 0 0 0 1 0 2 6 5 3 3 3 0; 1 1 2 1 1 0 0 0 0 1 1 1 0 4 3 3 4 1 1 1; 1 1 2 2 0 0 0 0 0 2 1 2 0 3 4 4 1 1 1 1; 1 2 2 2 2 2 2 3 3 2 2 3 3 4 4 0 0 2 2 1; 0 0 2 1 2 2 2 2 2 2 3 3 3 4 2 0 0 2 1 1; 0 0 1 2 2 2 2 2 2 2 2 3 4 4 3 0 0 2 2 2; 0 0 0 0 1 0 0 0 0 0 0 0 0 2 3 0 0 3 3 3; 0 0 0 0 0 0 0 0 0 0 0 0 0 3 2 0 0 3 3 4; 0 0 0 0 0 0 0 0 0 0 0 0 0 3 4 4 4 5 4 3; 0 0 0 0 0 0 0 0 0 0 0 0 0 4 4 4 3 5 5 3; 0 0 0 0 0 0 0 0 0 0 0 0 0 4 4 4 3 5 3 2; 0 0 0 0 0 0 0 0 0 0 0 0 0 3 4 4 2 0 0 0; 0 0 0 0 0 0 0 0 0 0 0 0 0 1 3 4 2 0 0 0]]";[0.0, 10.0, 23.0];[0.0, 10.198039027185569, 20.808652046684813];[10.0, 0.0, 16.0];[10.198039027185569, 0.0, 12.206555615733702];[23.0, 16.0, 0.0];[20.808652046684813, 12.206555615733702, 0.0]
29;0.8516624040920716;"MMatrix[Int8[15 20 25 25 18 0 0 0 0 0 0 0 0 0 0 0 0 0 0 0; 19 21 29 24 17 0 0 0 0 0 0 0 0 0 0 0 0 0 0 0; 20 24 25 22 15 0 0 0 0 0 0 0 0 0 0 0 0 0 0 0; 12 13 13 0 0 0 0 0 0 0 0 0 0 0 0 0 0 0 0 0; 8 11 9 0 0 0 0 0 0 0 0 0 0 0 0 0 0 0 0 0; 3 5 7 0 0 0 0 0 0 0 0 0 0 0 0 0 0 0 0 0; 2 2 1 0 0 0 0 0 0 0 0 0 0 0 0 0 0 0 0 0; 1 0 0 0 0 0 0 0 0 0 0 0 0 0 0 0 0 0 0 0; 0 0 0 0 0 0 0 0 0 0 0 0 0 0 0 0 0 0 0 0; 0 0 0 0 0 0 0 0 0 0 0 0 0 0 0 0 0 0 0 0; 0 0 0 0 0 0 0 0 0 0 0 0 0 0 0 0 0 0 0 0; 0 0 0 0 0 0 0 0 0 0 0 0 0 0 0 0 0 0 0 0; 0 0 0 0 0 0 0 0 0 0 0 0 0 0 0 0 0 0 0 0; 0 0 0 0 0 0 0 0 0 0 0 0 0 0 0 0 0 0 0 0; 0 0 0 0 0 0 0 0 0 0 0 0 0 0 0 0 0 0 0 0; 0 0 0 0 0 0 0 0 0 0 0 0 0 0 0 0 0 0 0 0; 0 0 0 0 0 0 0 0 0 0 0 0 0 0 0 0 0 0 0 0; 0 0 0 0 0 0 0 0 0 0 0 0 0 0 0 0 0 0 0 0; 0 0 0 0 0 0 0 0 0 0 0 0 0 0 0 0 0 0 0 0; 0 0 0 0 0 0 0 0 0 0 0 0 0 0 0 0 0 0 0 0], Int8[0 2 2 1 1 0 0 0 0 0 0 0 0 0 0 0 0 0 0 0; 2 2 2 1 1 0 0 0 0 0 0 0 0 0 0 0 0 0 0 0; 2 2 2 1 1 0 0 0 0 0 0 0 0 0 0 0 0 0 0 0; 2 2 2 0 0 0 0 0 0 0 0 0 0 0 0 0 0 0 0 0; 2 2 2 0 0 0 0 0 0 0 0 0 0 0 0 0 0 0 0 0; 2 3 2 0 0 0 0 0 0 0 0 0 0 0 0 0 0 0 0 0; 2 3 4 0 0 0 0 0 0 0 0 0 0 0 0 0 0 0 0 0; 3 4 4 3 2 0 0 0 0 0 0 0 0 0 0 0 0 0 0 0; 3 2 3 4 3 0 0 0 0 0 0 0 0 0 0 0 0 0 0 0; 3 4 4 5 0 0 0 0 0 0 0 0 0 0 0 0 0 0 0 0; 3 4 5 5 4 2 1 1 1 0 0 0 0 0 0 0 0 0 0 0; 2 4 4 5 4 3 2 1 0 0 0 0 0 0 0 0 0 0 0 0; 2 3 4 4 4 4 2 1 0 0 0 0 0 0 0 0 0 0 0 0; 0 0 0 4 4 0 0 0 0 0 0 0 0 0 0 0 0 0 0 0; 2 2 0 4 3 0 4 5 6 5 5 3 0 0 0 0 0 0 0 0; 3 3 0 4 3 0 4 7 7 6 6 6 0 0 0 0 0 0 0 0; 3 3 0 5 5 0 6 7 7 5 6 5 0 0 0 0 0 0 0 0; 4 5 7 9 8 6 5 4 0 0 3 3 0 0 0 0 0 0 0 0; 3 5 6 8 6 6 4 3 0 0 1 2 0 0 0 0 0 0 0 0; 3 5 5 5 6 6 5 4 0 0 1 1 0 0 0 0 0 0 0 0], Int8[1 1 1 1 0 0 0 0 0 0 0 0 0 2 5 5 3 3 3 1; 2 2 2 0 0 0 0 0 0 0 0 0 0 2 5 5 3 3 3 0; 2 2 2 0 0 0 0 0 0 0 0 0 0 3 5 5 4 3 0 0; 2 2 2 0 0 0 0 0 0 0 0 0 0 0 0 0 5 4 0 0; 1 2 2 0 0 0 0 0 0 0 0 0 0 0 0 0 4 4 0 0; 2 2 2 0 0 0 0 0 0 0 0 0 0 3 3 3 4 2 0 0; 3 2 2 0 0 0 0 0 0 0 0 0 0 2 5 5 3 3 0 0; 1 2 2 1 1 0 0 0 0 0 0 1 0 2 6 5 3 3 3 0; 1 1 2 1 1 0 0 0 0 1 1 1 0 4 3 3 4 1 1 1; 1 1 2 2 0 0 0 0 0 2 1 2 0 3 4 4 1 1 1 1; 1 2 2 2 2 2 2 3 3 2 2 3 3 4 4 0 0 2 2 1; 0 0 2 1 2 2 2 2 2 2 3 3 3 4 2 0 0 2 1 1; 0 0 1 2 2 2 2 2 2 2 2 3 4 4 3 0 0 2 2 2; 0 0 0 0 1 0 0 0 0 0 0 0 0 2 3 0 0 3 3 3; 0 0 0 0 0 0 0 0 0 0 0 0 0 3 2 0 0 3 3 4; 0 0 0 0 0 0 0 0 0 0 0 0 0 3 4 4 4 5 4 3; 0 0 0 0 0 0 0 0 0 0 0 0 0 4 4 4 4 5 5 3; 0 0 0 0 0 0 0 0 0 0 0 0 0 4 5 5 4 5 3 2; 0 0 0 0 0 0 0 0 0 0 0 0 0 3 5 5 3 0 0 0; 0 0 0 0 0 0 0 0 0 0 0 0 0 2 4 5 2 0 0 0]]";[0.0, 8.0, 22.0];[0.0, 8.602325267042627, 22.627416997969522];[8.0, 0.0, 14.0];[8.602325267042627, 0.0, 14.212670403551895];[22.0, 14.0, 0.0];[22.627416997969522, 14.212670403551895, 0.0]
30;0.8567774936061381;"MMatrix[Int8[15 21 26 26 18 0 0 0 0 0 0 0 0 0 0 0 0 0 0 0; 20 22 30 24 17 0 0 0 0 0 0 0 0 0 0 0 0 0 0 0; 21 25 26 22 15 0 0 0 0 0 0 0 0 0 0 0 0 0 0 0; 13 13 13 0 0 0 0 0 0 0 0 0 0 0 0 0 0 0 0 0; 8 11 9 0 0 0 0 0 0 0 0 0 0 0 0 0 0 0 0 0; 3 5 7 0 0 0 0 0 0 0 0 0 0 0 0 0 0 0 0 0; 2 2 1 0 0 0 0 0 0 0 0 0 0 0 0 0 0 0 0 0; 1 0 0 0 0 0 0 0 0 0 0 0 0 0 0 0 0 0 0 0; 0 0 0 0 0 0 0 0 0 0 0 0 0 0 0 0 0 0 0 0; 0 0 0 0 0 0 0 0 0 0 0 0 0 0 0 0 0 0 0 0; 0 0 0 0 0 0 0 0 0 0 0 0 0 0 0 0 0 0 0 0; 0 0 0 0 0 0 0 0 0 0 0 0 0 0 0 0 0 0 0 0; 0 0 0 0 0 0 0 0 0 0 0 0 0 0 0 0 0 0 0 0; 0 0 0 0 0 0 0 0 0 0 0 0 0 0 0 0 0 0 0 0; 0 0 0 0 0 0 0 0 0 0 0 0 0 0 0 0 0 0 0 0; 0 0 0 0 0 0 0 0 0 0 0 0 0 0 0 0 0 0 0 0; 0 0 0 0 0 0 0 0 0 0 0 0 0 0 0 0 0 0 0 0; 0 0 0 0 0 0 0 0 0 0 0 0 0 0 0 0 0 0 0 0; 0 0 0 0 0 0 0 0 0 0 0 0 0 0 0 0 0 0 0 0; 0 0 0 0 0 0 0 0 0 0 0 0 0 0 0 0 0 0 0 0], Int8[0 2 2 1 1 0 0 0 0 0 0 0 0 0 0 0 0 0 0 0; 2 2 2 1 1 0 0 0 0 0 0 0 0 0 0 0 0 0 0 0; 2 2 2 1 1 0 0 0 0 0 0 0 0 0 0 0 0 0 0 0; 2 2 2 0 0 0 0 0 0 0 0 0 0 0 0 0 0 0 0 0; 2 2 2 0 0 0 0 0 0 0 0 0 0 0 0 0 0 0 0 0; 2 3 2 0 0 0 0 0 0 0 0 0 0 0 0 0 0 0 0 0; 2 3 4 0 0 0 0 0 0 0 0 0 0 0 0 0 0 0 0 0; 3 4 4 3 2 0 0 0 0 0 0 0 0 0 0 0 0 0 0 0; 3 2 3 4 3 0 0 0 0 0 1 0 0 0 0 0 0 0 0 0; 3 4 4 5 0 0 0 0 0 1 1 0 0 0 0 0 0 0 0 0; 3 4 5 5 4 3 2 2 1 1 1 1 0 0 0 0 0 0 0 0; 2 4 4 5 4 3 3 2 1 1 1 0 0 0 0 0 0 0 0 0; 2 3 4 4 4 4 3 2 1 1 1 0 0 0 0 0 0 0 0 0; 0 0 0 4 4 0 0 0 0 0 0 0 0 0 0 0 0 0 0 0; 2 2 0 4 3 0 4 5 6 5 5 3 0 0 0 0 0 0 0 0; 3 3 0 4 3 0 4 7 7 6 6 6 0 0 0 0 0 0 0 0; 3 3 0 5 5 0 6 7 7 5 6 5 0 0 0 0 0 0 0 0; 4 5 7 9 8 6 5 4 0 0 3 3 0 0 0 0 0 0 0 0; 3 5 6 8 6 6 4 3 0 0 1 2 0 0 0 0 0 0 0 0; 3 5 5 5 6 6 5 4 0 0 1 1 0 0 0 0 0 0 0 0], Int8[1 1 1 1 0 0 0 0 0 0 0 0 0 2 5 5 3 3 3 1; 2 2 2 0 0 0 0 0 0 0 0 0 0 2 5 5 3 3 3 0; 2 2 2 0 0 0 0 0 0 0 0 0 0 3 5 5 4 3 0 0; 2 2 2 0 0 0 0 0 0 0 0 0 0 0 0 0 5 4 0 0; 1 2 2 0 0 0 0 0 0 0 0 0 0 0 0 0 4 4 0 0; 2 2 2 0 0 0 0 0 0 0 0 0 0 3 3 3 4 2 0 0; 3 2 2 0 0 0 0 0 0 0 0 0 0 2 5 5 3 3 0 0; 1 2 2 1 1 0 0 0 0 0 0 1 0 2 6 5 3 3 3 0; 1 1 2 1 1 0 0 0 0 1 1 1 0 4 3 3 4 1 1 1; 1 1 2 2 0 0 0 0 0 2 1 2 0 3 4 4 1 1 1 1; 1 2 2 2 2 2 2 3 3 2 2 3 3 4 4 0 0 2 2 1; 0 0 2 1 2 2 2 2 2 2 3 3 3 4 2 0 0 2 1 1; 0 0 1 2 2 2 2 2 2 2 2 3 4 4 3 0 0 2 2 2; 0 0 0 0 1 0 0 0 0 0 0 0 0 2 3 0 0 3 3 3; 0 0 0 0 0 0 0 0 0 0 0 0 0 3 3 0 0 4 4 4; 0 0 0 0 0 0 0 0 0 0 0 0 0 3 5 5 5 6 5 3; 0 0 0 0 0 0 0 0 0 0 0 0 0 5 5 5 4 6 6 4; 0 0 0 0 0 0 0 0 0 0 0 0 0 4 6 6 5 6 4 2; 0 0 0 0 0 0 0 0 0 0 0 0 0 3 6 6 4 0 0 0; 0 0 0 0 0 0 0 0 0 0 0 0 0 2 4 5 3 0 0 0]]";[0.0, 14.0, 22.0];[0.0, 12.806248474865697, 22.627416997969522];[14.0, 0.0, 8.0];[12.806248474865697, 0.0, 10.0];[22.0, 8.0, 0.0];[22.627416997969522, 10.0, 0.0]
31;0.8823529411764706;"MMatrix[Int8[16 22 27 26 19 0 0 0 0 0 0 0 0 0 0 0 0 0 0 0; 20 23 31 25 18 0 0 0 0 0 0 0 0 0 0 0 0 0 0 0; 21 26 27 23 16 0 0 0 0 0 0 0 0 0 0 0 0 0 0 0; 13 13 13 0 0 0 0 0 0 0 0 0 0 0 0 0 0 0 0 0; 8 11 9 0 0 0 0 0 0 0 0 0 0 0 0 0 0 0 0 0; 3 5 7 0 0 0 0 0 0 0 0 0 0 0 0 0 0 0 0 0; 2 2 1 0 0 0 0 0 0 0 0 0 0 0 0 0 0 0 0 0; 1 0 0 0 0 0 0 0 0 0 0 0 0 0 0 0 0 0 0 0; 0 0 0 0 0 0 0 0 0 0 0 0 0 0 0 0 0 0 0 0; 0 0 0 0 0 0 0 0 0 0 0 0 0 0 0 0 0 0 0 0; 0 0 0 0 0 0 0 0 0 0 0 0 0 0 0 0 0 0 0 0; 0 0 0 0 0 0 0 0 0 0 0 0 0 0 0 0 0 0 0 0; 0 0 0 0 0 0 0 0 0 0 0 0 0 0 0 0 0 0 0 0; 0 0 0 0 0 0 0 0 0 0 0 0 0 0 0 0 0 0 0 0; 0 0 0 0 0 0 0 0 0 0 0 0 0 0 0 0 0 0 0 0; 0 0 0 0 0 0 0 0 0 0 0 0 0 0 0 0 0 0 0 0; 0 0 0 0 0 0 0 0 0 0 0 0 0 0 0 0 0 0 0 0; 0 0 0 0 0 0 0 0 0 0 0 0 0 0 0 0 0 0 0 0; 0 0 0 0 0 0 0 0 0 0 0 0 0 0 0 0 0 0 0 0; 0 0 0 0 0 0 0 0 0 0 0 0 0 0 0 0 0 0 0 0], Int8[0 2 2 1 1 0 0 0 0 0 0 0 0 0 0 0 0 0 0 0; 2 2 2 1 1 0 0 0 0 0 0 0 0 0 0 0 0 0 0 0; 2 2 2 1 1 0 0 0 0 0 0 0 0 0 0 0 0 0 0 0; 2 2 2 0 0 0 0 0 0 0 0 0 0 0 0 0 0 0 0 0; 2 2 2 0 0 0 0 0 0 0 0 0 0 0 0 0 0 0 0 0; 2 3 2 0 0 0 0 0 0 0 1 0 0 0 0 0 0 0 0 0; 2 3 4 0 0 0 0 0 0 0 1 1 0 0 0 0 0 0 0 0; 3 4 4 3 2 0 0 0 1 1 1 1 0 0 0 0 0 0 0 0; 3 2 3 4 3 0 0 1 1 1 1 1 0 0 0 0 0 0 0 0; 3 4 4 5 0 0 0 0 0 2 2 1 0 0 0 0 0 0 0 0; 3 4 5 5 4 3 2 2 2 2 2 2 1 0 0 0 0 0 0 0; 2 4 4 5 4 3 3 2 1 1 2 0 0 0 0 0 0 0 0 0; 2 3 4 4 4 4 3 2 1 1 1 0 0 0 0 0 0 0 0 0; 0 0 0 4 4 0 0 0 0 0 0 0 0 0 0 0 0 0 0 0; 2 2 0 4 3 0 4 5 6 5 5 3 0 0 0 0 0 0 0 0; 3 3 0 4 3 0 4 7 7 6 6 6 0 0 0 0 0 0 0 0; 3 3 0 5 5 0 6 7 7 5 6 5 0 0 0 0 0 0 0 0; 4 5 7 9 8 6 5 4 0 0 3 3 0 0 0 0 0 0 0 0; 3 5 6 8 6 6 4 3 0 0 1 2 0 0 0 0 0 0 0 0; 3 5 5 5 6 6 5 4 0 0 1 1 0 0 0 0 0 0 0 0], Int8[1 1 1 1 0 0 0 0 0 0 0 0 0 2 5 5 3 3 3 1; 2 2 2 0 0 0 0 0 0 0 0 0 0 2 5 5 3 3 3 0; 2 2 2 0 0 0 0 0 0 0 0 0 0 3 5 5 4 3 0 0; 2 2 2 0 0 0 0 0 0 0 0 0 0 0 0 0 5 4 0 0; 1 2 2 0 0 0 0 0 0 0 0 0 0 0 0 0 4 4 0 0; 2 2 2 0 0 0 0 0 0 0 0 0 0 3 3 3 4 2 0 0; 3 2 2 0 0 0 0 0 0 0 0 0 0 2 5 5 3 3 0 0; 1 2 2 1 1 0 0 0 0 0 0 1 0 2 6 5 3 3 3 0; 1 1 2 1 1 0 0 0 0 1 1 1 0 4 3 3 4 1 1 1; 1 1 2 2 0 0 0 0 0 2 1 2 0 3 4 4 1 1 1 1; 1 2 2 2 2 2 2 3 3 2 2 3 3 4 4 0 0 2 2 1; 0 0 2 1 2 2 2 2 2 2 3 3 3 4 2 0 0 2 1 1; 0 0 1 2 2 2 2 2 2 2 2 3 4 4 3 0 0 2 2 2; 0 0 0 0 1 0 0 0 0 0 0 0 0 2 3 0 0 3 3 3; 0 0 0 0 0 0 0 0 0 0 0 0 0 3 3 0 0 4 4 4; 0 0 0 0 0 0 0 0 0 0 0 0 0 3 5 5 5 6 5 3; 0 0 0 0 0 0 0 0 0 0 0 0 0 5 5 5 5 6 6 4; 0 0 0 0 0 0 0 0 0 0 0 0 0 4 7 7 6 6 4 2; 0 0 0 0 0 0 0 0 0 0 0 0 0 3 7 7 5 0 0 0; 0 0 0 0 0 0 0 0 0 0 0 0 0 3 5 6 3 0 0 0]]";[0.0, 16.0, 25.0];[0.0, 10.63014581273465, 23.021728866442675];[16.0, 0.0, 11.0];[10.63014581273465, 0.0, 12.529964086141668];[25.0, 11.0, 0.0];[23.021728866442675, 12.529964086141668, 0.0]
32;0.9028132992327366;"MMatrix[Int8[16 23 28 27 19 0 0 0 0 0 0 0 0 0 0 0 0 0 0 0; 20 23 32 26 19 0 0 0 0 0 0 0 0 0 0 0 0 0 0 0; 21 26 28 24 17 0 0 0 0 0 0 0 0 0 0 0 0 0 0 0; 13 13 13 0 0 0 0 0 0 0 0 0 0 0 0 0 0 0 0 0; 8 11 9 0 0 0 0 0 0 0 0 0 0 0 0 0 0 0 0 0; 3 5 7 0 0 0 0 0 0 0 0 0 0 0 0 0 0 0 0 0; 2 2 1 0 0 0 0 0 0 0 0 0 0 0 0 0 0 0 0 0; 1 0 0 0 0 0 0 0 0 0 0 0 0 0 0 0 0 0 0 0; 0 0 0 0 0 0 0 0 0 0 0 0 0 0 0 0 0 0 0 0; 0 0 0 0 0 0 0 0 0 0 0 0 0 0 0 0 0 0 0 0; 0 0 0 0 0 0 0 0 0 0 0 0 0 0 0 0 0 0 0 0; 0 0 0 0 0 0 0 0 0 0 0 0 0 0 0 0 0 0 0 0; 0 0 0 0 0 0 0 0 0 0 0 0 0 0 0 0 0 0 0 0; 0 0 0 0 0 0 0 0 0 0 0 0 0 0 0 0 0 0 0 0; 0 0 0 0 0 0 0 0 0 0 0 0 0 0 0 0 0 0 0 0; 0 0 0 0 0 0 0 0 0 0 0 0 0 0 0 0 0 0 0 0; 0 0 0 0 0 0 0 0 0 0 0 0 0 0 0 0 0 0 0 0; 0 0 0 0 0 0 0 0 0 0 0 0 0 0 0 0 0 0 0 0; 0 0 0 0 0 0 0 0 0 0 0 0 0 0 0 0 0 0 0 0; 0 0 0 0 0 0 0 0 0 0 0 0 0 0 0 0 0 0 0 0], Int8[0 2 2 1 1 0 0 0 0 0 0 0 0 0 0 0 0 0 0 0; 2 2 2 1 1 0 0 0 0 0 0 0 0 0 0 0 0 0 0 0; 2 2 2 1 1 0 0 0 0 0 1 0 0 0 0 0 0 0 0 0; 2 2 2 0 0 0 0 0 0 0 1 1 0 0 0 0 0 0 0 0; 2 2 2 0 0 0 0 0 0 0 1 1 0 0 0 0 0 0 0 0; 2 3 2 0 0 0 0 0 0 0 1 1 0 0 0 0 0 0 0 0; 2 3 4 0 0 0 0 0 0 0 2 2 0 0 0 0 0 0 0 0; 3 4 4 3 2 0 0 0 1 1 2 2 0 0 0 0 0 0 0 0; 3 2 3 4 3 0 0 1 1 1 2 1 0 0 0 0 0 0 0 0; 3 4 4 5 0 0 0 0 0 2 2 1 0 0 0 0 0 0 0 0; 3 4 5 5 4 3 2 2 2 2 2 2 1 0 0 0 0 0 0 0; 2 4 4 5 4 3 3 2 1 1 2 0 0 0 0 0 0 0 0 0; 2 3 4 4 4 4 3 2 1 1 1 0 0 0 0 0 0 0 0 0; 0 0 0 4 4 0 0 0 0 0 0 0 0 0 0 0 0 0 0 0; 2 2 0 4 3 0 4 5 6 5 5 3 0 0 0 0 0 0 0 0; 3 3 0 4 3 0 4 7 7 6 6 6 0 0 0 0 0 0 0 0; 3 3 0 5 5 0 6 7 7 5 6 5 0 0 0 0 0 0 0 0; 4 5 7 9 8 6 5 4 0 0 3 3 0 0 0 0 0 0 0 0; 3 5 6 8 6 6 4 3 0 0 1 2 0 0 0 0 0 0 0 0; 3 5 5 5 6 6 5 4 0 0 1 1 0 0 0 0 0 0 0 0], Int8[1 1 1 1 0 0 0 0 0 0 0 0 0 2 5 5 3 3 3 1; 2 2 2 0 0 0 0 0 0 0 0 0 0 2 5 5 3 3 3 0; 2 2 2 0 0 0 0 0 0 0 0 0 0 3 5 5 4 3 0 0; 2 2 2 0 0 0 0 0 0 0 0 0 0 0 0 0 5 4 0 0; 1 2 2 0 0 0 0 0 0 0 0 0 0 0 0 0 4 4 0 0; 2 2 2 0 0 0 0 0 0 0 0 0 0 3 3 3 4 2 0 0; 3 2 2 0 0 0 0 0 0 0 0 0 0 2 5 5 3 3 0 0; 1 2 2 1 1 0 0 0 0 0 0 1 0 2 6 5 3 3 3 0; 1 1 2 1 1 0 0 0 0 1 1 1 0 4 3 3 4 1 1 1; 1 1 2 2 0 0 0 0 0 2 1 2 0 3 4 4 1 1 1 1; 1 2 2 2 2 2 2 3 3 2 2 3 3 4 4 0 0 2 2 1; 0 0 2 1 2 2 2 2 2 2 3 3 3 4 2 0 0 2 1 1; 0 0 1 2 2 2 2 2 2 2 2 3 4 4 3 0 0 2 2 2; 0 0 0 0 1 0 0 0 0 0 0 0 0 2 3 0 0 3 3 3; 0 0 0 0 0 0 0 0 0 0 0 0 0 3 3 0 0 4 4 4; 0 0 0 0 0 0 0 0 0 0 0 0 0 3 5 5 5 6 5 3; 0 0 0 0 0 0 0 0 0 0 0 0 0 6 5 5 5 6 6 4; 0 0 0 0 0 0 0 0 0 0 0 0 0 5 8 8 6 6 4 2; 0 0 0 0 0 0 0 0 0 0 0 0 0 4 8 8 5 0 0 0; 0 0 0 0 0 0 0 0 0 0 0 0 0 3 6 7 4 0 0 0]]";[0.0, 19.0, 25.0];[0.0, 7.810249675906654, 21.02379604162864];[19.0, 0.0, 14.0];[7.810249675906654, 0.0, 14.317821063276353];[25.0, 14.0, 0.0];[21.02379604162864, 14.317821063276353, 0.0]
33;0.928388746803069;"MMatrix[Int8[17 23 29 28 20 0 0 0 0 0 0 0 0 0 0 0 0 0 0 0; 21 24 33 27 19 0 0 0 0 0 0 0 0 0 0 0 0 0 0 0; 22 27 29 25 17 0 0 0 0 0 0 0 0 0 0 0 0 0 0 0; 13 14 13 0 0 0 0 0 0 0 0 0 0 0 0 0 0 0 0 0; 8 11 9 0 0 0 0 0 0 0 0 0 0 0 0 0 0 0 0 0; 3 5 7 0 0 0 0 0 0 0 0 0 0 0 0 0 0 0 0 0; 2 2 1 0 0 0 0 0 0 0 0 0 0 0 0 0 0 0 0 0; 1 0 0 0 0 0 0 0 0 0 0 0 0 0 0 0 0 0 0 0; 0 0 0 0 0 0 0 0 0 0 0 0 0 0 0 0 0 0 0 0; 0 0 0 0 0 0 0 0 0 0 0 0 0 0 0 0 0 0 0 0; 0 0 0 0 0 0 0 0 0 0 0 0 0 0 0 0 0 0 0 0; 0 0 0 0 0 0 0 0 0 0 0 0 0 0 0 0 0 0 0 0; 0 0 0 0 0 0 0 0 0 0 0 0 0 0 0 0 0 0 0 0; 0 0 0 0 0 0 0 0 0 0 0 0 0 0 0 0 0 0 0 0; 0 0 0 0 0 0 0 0 0 0 0 0 0 0 0 0 0 0 0 0; 0 0 0 0 0 0 0 0 0 0 0 0 0 0 0 0 0 0 0 0; 0 0 0 0 0 0 0 0 0 0 0 0 0 0 0 0 0 0 0 0; 0 0 0 0 0 0 0 0 0 0 0 0 0 0 0 0 0 0 0 0; 0 0 0 0 0 0 0 0 0 0 0 0 0 0 0 0 0 0 0 0; 0 0 0 0 0 0 0 0 0 0 0 0 0 0 0 0 0 0 0 0], Int8[0 2 2 1 1 0 0 0 0 0 0 0 0 0 0 0 0 0 0 0; 2 2 2 1 1 0 0 0 0 0 0 1 0 0 0 0 0 0 0 0; 2 2 2 1 1 0 0 1 1 1 1 1 0 0 0 0 0 0 0 0; 2 2 2 0 0 0 0 0 1 1 2 2 0 0 0 0 0 0 0 0; 2 2 2 0 0 0 0 0 0 0 2 2 0 0 0 0 0 0 0 0; 2 3 2 0 0 0 0 0 0 0 2 1 0 0 0 0 0 0 0 0; 2 3 4 0 0 0 0 0 0 0 2 2 0 0 0 0 0 0 0 0; 3 4 4 3 2 0 0 0 1 1 2 2 0 0 0 0 0 0 0 0; 3 2 3 4 3 0 0 1 1 1 2 1 0 0 0 0 0 0 0 0; 3 4 4 5 0 0 0 0 0 2 2 1 0 0 0 0 0 0 0 0; 3 4 5 5 4 3 2 2 2 2 2 2 1 0 0 0 0 0 0 0; 2 4 4 5 4 3 3 2 1 1 2 0 0 0 0 0 0 0 0 0; 2 3 4 4 4 4 3 2 1 1 1 0 0 0 0 0 0 0 0 0; 0 0 0 4 4 0 0 0 0 0 0 0 0 0 0 0 0 0 0 0; 2 2 0 4 3 0 4 5 6 5 5 3 0 0 0 0 0 0 0 0; 3 3 0 4 3 0 4 7 7 6 6 6 0 0 0 0 0 0 0 0; 3 3 0 5 5 0 6 7 7 5 6 5 0 0 0 0 0 0 0 0; 4 5 7 9 8 6 5 4 0 0 3 3 0 0 0 0 0 0 0 0; 3 5 6 8 6 6 4 3 0 0 1 2 0 0 0 0 0 0 0 0; 3 5 5 5 6 6 5 4 0 0 1 1 0 0 0 0 0 0 0 0], Int8[1 1 1 1 0 0 0 0 0 0 0 0 0 2 5 5 3 3 3 1; 2 2 2 0 0 0 0 0 0 0 0 0 0 2 5 5 3 3 3 0; 2 2 2 0 0 0 0 0 0 0 0 0 0 3 5 5 4 3 0 0; 2 2 2 0 0 0 0 0 0 0 0 0 0 0 0 0 5 4 0 0; 1 2 2 0 0 0 0 0 0 0 0 0 0 0 0 0 4 4 0 0; 2 2 2 0 0 0 0 0 0 0 0 0 0 3 3 3 4 2 0 0; 3 2 2 0 0 0 0 0 0 0 0 0 0 2 5 5 3 3 0 0; 1 2 2 1 1 0 0 0 0 0 0 1 0 2 6 5 3 3 3 0; 1 1 2 1 1 0 0 0 0 1 1 1 0 4 3 3 4 1 1 1; 1 1 2 2 0 0 0 0 0 2 1 2 0 3 4 4 1 1 1 1; 1 2 2 2 2 2 2 3 3 2 2 3 3 4 4 0 0 2 2 1; 0 0 2 1 2 2 2 2 2 2 3 3 3 4 2 0 0 2 1 1; 0 0 1 2 2 2 2 2 2 2 2 3 4 4 3 0 0 2 2 2; 0 0 0 0 1 0 0 0 0 0 0 0 0 2 3 0 0 3 3 3; 0 0 0 0 0 0 0 0 0 0 0 0 0 3 3 0 0 4 4 4; 0 0 0 0 0 0 0 0 0 0 0 0 0 3 5 5 5 6 5 3; 0 0 0 0 0 0 0 0 0 0 0 0 0 6 5 5 6 6 6 4; 0 0 0 0 0 0 0 0 0 0 0 0 0 5 9 9 7 6 4 2; 0 0 0 0 0 0 0 0 0 0 0 0 0 4 9 9 6 0 0 0; 0 0 0 0 0 0 0 0 0 0 0 0 0 4 7 8 4 0 0 0]]";[0.0, 22.0, 25.0];[0.0, 9.219544457292887, 24.20743687382041];[22.0, 0.0, 17.0];[9.219544457292887, 0.0, 18.027756377319946];[25.0, 17.0, 0.0];[24.20743687382041, 18.027756377319946, 0.0]
34;0.9539641943734015;"MMatrix[Int8[17 24 30 29 20 0 0 0 0 0 0 0 0 0 0 0 0 0 0 0; 22 25 34 27 19 0 0 0 0 0 0 0 0 0 0 0 0 0 0 0; 23 28 30 25 17 0 0 0 0 0 0 0 0 0 0 0 0 0 0 0; 14 14 13 0 0 0 0 0 0 0 0 0 0 0 0 0 0 0 0 0; 8 11 9 0 0 0 0 0 0 0 0 0 0 0 0 0 0 0 0 0; 3 5 7 0 0 0 0 0 0 0 0 0 0 0 0 0 0 0 0 0; 2 2 1 0 0 0 0 0 0 0 0 0 0 0 0 0 0 0 0 0; 1 0 0 0 0 0 0 0 0 0 0 0 0 0 0 0 0 0 0 0; 0 0 0 0 0 0 0 0 0 0 0 0 0 0 0 0 0 0 0 0; 0 0 0 0 0 0 0 0 0 0 0 0 0 0 0 0 0 0 0 0; 0 0 0 0 0 0 0 0 0 0 0 0 0 0 0 0 0 0 0 0; 0 0 0 0 0 0 0 0 0 0 0 0 0 0 0 0 0 0 0 0; 0 0 0 0 0 0 0 0 0 0 0 0 0 0 0 0 0 0 0 0; 0 0 0 0 0 0 0 0 0 0 0 0 0 0 0 0 0 0 0 0; 0 0 0 0 0 0 0 0 0 0 0 0 0 0 0 0 0 0 0 0; 0 0 0 0 0 0 0 0 0 0 0 0 0 0 0 0 0 0 0 0; 0 0 0 0 0 0 0 0 0 0 0 0 0 0 0 0 0 0 0 0; 0 0 0 0 0 0 0 0 0 0 0 0 0 0 0 0 0 0 0 0; 0 0 0 0 0 0 0 0 0 0 0 0 0 0 0 0 0 0 0 0; 0 0 0 0 0 0 0 0 0 0 0 0 0 0 0 0 0 0 0 0], Int8[0 2 2 1 1 0 0 0 0 0 0 0 0 0 0 0 0 0 0 0; 2 2 2 1 1 0 1 0 0 0 0 1 0 0 0 0 0 0 0 0; 2 2 2 1 1 0 1 1 2 2 2 1 0 0 0 0 0 0 0 0; 2 2 2 0 0 0 1 1 2 2 2 2 0 0 0 0 0 0 0 0; 2 2 2 0 0 0 1 1 0 0 2 2 0 0 0 0 0 0 0 0; 2 3 2 0 0 0 0 1 0 0 2 1 0 0 0 0 0 0 0 0; 2 3 4 0 0 0 0 0 0 0 2 2 0 0 0 0 0 0 0 0; 3 4 4 3 2 0 0 0 1 1 2 2 0 0 0 0 0 0 0 0; 3 2 3 4 3 0 0 1 1 1 2 1 0 0 0 0 0 0 0 0; 3 4 4 5 0 0 0 0 0 2 2 1 0 0 0 0 0 0 0 0; 3 4 5 5 4 3 2 2 2 2 2 2 1 0 0 0 0 0 0 0; 2 4 4 5 4 3 3 2 1 1 2 0 0 0 0 0 0 0 0 0; 2 3 4 4 4 4 3 2 1 1 1 0 0 0 0 0 0 0 0 0; 0 0 0 4 4 0 0 0 0 0 0 0 0 0 0 0 0 0 0 0; 2 2 0 4 3 0 4 5 6 5 5 3 0 0 0 0 0 0 0 0; 3 3 0 4 3 0 4 7 7 6 6 6 0 0 0 0 0 0 0 0; 3 3 0 5 5 0 6 7 7 5 6 5 0 0 0 0 0 0 0 0; 4 5 7 9 8 6 5 4 0 0 3 3 0 0 0 0 0 0 0 0; 3 5 6 8 6 6 4 3 0 0 1 2 0 0 0 0 0 0 0 0; 3 5 5 5 6 6 5 4 0 0 1 1 0 0 0 0 0 0 0 0], Int8[1 1 1 1 0 0 0 0 0 0 0 0 0 2 5 5 3 3 3 1; 2 2 2 0 0 0 0 0 0 0 0 0 0 2 5 5 3 3 3 0; 2 2 2 0 0 0 0 0 0 0 0 0 0 3 5 5 4 3 0 0; 2 2 2 0 0 0 0 0 0 0 0 0 0 0 0 0 5 4 0 0; 1 2 2 0 0 0 0 0 0 0 0 0 0 0 0 0 4 4 0 0; 2 2 2 0 0 0 0 0 0 0 0 0 0 3 3 3 4 2 0 0; 3 2 2 0 0 0 0 0 0 0 0 0 0 2 5 5 3 3 0 0; 1 2 2 1 1 0 0 0 0 0 0 1 0 2 6 5 3 3 3 0; 1 1 2 1 1 0 0 0 0 1 1 1 0 4 3 3 4 1 1 1; 1 1 2 2 0 0 0 0 0 2 1 2 0 3 4 4 1 1 1 1; 1 2 2 2 2 2 2 3 3 2 2 3 3 4 4 0 0 2 2 1; 0 0 2 1 2 2 2 2 2 2 3 3 3 4 2 0 0 2 1 1; 0 0 1 2 2 2 2 2 2 2 2 3 4 4 3 0 0 2 2 2; 0 0 0 0 1 0 0 0 0 0 0 0 0 2 3 0 0 3 3 3; 0 0 0 0 0 0 0 0 0 0 0 0 0 3 4 0 0 5 5 4; 0 0 0 0 0 0 0 0 0 0 0 0 0 3 6 6 6 7 6 3; 0 0 0 0 0 0 0 0 0 0 0 0 0 7 6 6 6 7 7 5; 0 0 0 0 0 0 0 0 0 0 0 0 0 5 10 10 8 7 5 2; 0 0 0 0 0 0 0 0 0 0 0 0 0 4 10 10 7 0 0 0; 0 0 0 0 0 0 0 0 0 0 0 0 0 4 7 8 5 0 0 0]]";[0.0, 22.0, 22.0];[0.0, 7.280109889280518, 22.627416997969522];[22.0, 0.0, 14.0];[7.280109889280518, 0.0, 16.64331697709324];[22.0, 14.0, 0.0];[22.627416997969522, 16.64331697709324, 0.0]
35;0.9718670076726342;"MMatrix[Int8[18 24 30 29 20 0 0 0 0 0 0 0 0 0 0 0 0 0 0 0; 23 26 35 27 19 0 0 0 0 0 0 0 0 0 0 0 0 0 0 0; 24 29 31 25 17 0 0 0 0 0 0 0 0 0 0 0 0 0 0 0; 14 15 14 0 0 0 0 0 0 0 0 0 0 0 0 0 0 0 0 0; 9 12 10 0 0 0 0 0 0 0 0 0 0 0 0 0 0 0 0 0; 4 6 8 0 0 0 0 0 0 0 0 0 0 0 0 0 0 0 0 0; 3 2 1 0 0 0 0 0 0 0 0 0 0 0 0 0 0 0 0 0; 1 0 0 0 0 0 0 0 0 0 0 0 0 0 0 0 0 0 0 0; 0 0 0 0 0 0 0 0 0 0 0 0 0 0 0 0 0 0 0 0; 0 0 0 0 0 0 0 0 0 0 0 0 0 0 0 0 0 0 0 0; 0 0 0 0 0 0 0 0 0 0 0 0 0 0 0 0 0 0 0 0; 0 0 0 0 0 0 0 0 0 0 0 0 0 0 0 0 0 0 0 0; 0 0 0 0 0 0 0 0 0 0 0 0 0 0 0 0 0 0 0 0; 0 0 0 0 0 0 0 0 0 0 0 0 0 0 0 0 0 0 0 0; 0 0 0 0 0 0 0 0 0 0 0 0 0 0 0 0 0 0 0 0; 0 0 0 0 0 0 0 0 0 0 0 0 0 0 0 0 0 0 0 0; 0 0 0 0 0 0 0 0 0 0 0 0 0 0 0 0 0 0 0 0; 0 0 0 0 0 0 0 0 0 0 0 0 0 0 0 0 0 0 0 0; 0 0 0 0 0 0 0 0 0 0 0 0 0 0 0 0 0 0 0 0; 0 0 0 0 0 0 0 0 0 0 0 0 0 0 0 0 0 0 0 0], Int8[0 2 2 1 1 0 0 0 0 0 0 0 0 0 0 0 0 0 0 0; 2 2 2 1 1 0 1 0 0 0 0 1 0 0 0 0 0 0 0 0; 2 2 2 1 1 0 1 2 2 2 2 1 0 0 0 0 0 0 0 0; 2 2 2 0 0 0 2 2 2 2 2 2 0 0 0 0 0 0 0 0; 2 2 2 0 0 0 2 2 0 0 2 2 0 0 0 0 0 0 0 0; 2 3 2 0 0 0 1 1 0 0 2 1 0 0 0 0 0 0 0 0; 2 3 4 0 0 0 1 1 0 0 2 2 0 0 0 0 0 0 0 0; 3 4 4 3 2 0 1 1 1 1 2 2 0 0 0 0 0 0 0 0; 3 2 3 4 3 0 0 2 1 1 2 1 0 0 0 0 0 0 0 0; 3 4 4 5 0 0 0 0 0 2 2 1 0 0 0 0 0 0 0 0; 3 4 5 5 4 3 2 2 2 2 2 2 1 0 0 0 0 0 0 0; 2 4 4 5 4 3 3 2 1 1 2 0 0 0 0 0 0 0 0 0; 2 3 4 4 4 4 3 2 1 1 1 0 0 0 0 0 0 0 0 0; 0 0 0 4 4 0 0 0 0 0 0 0 0 0 0 0 0 0 0 0; 2 2 0 4 3 0 4 5 6 5 5 3 0 0 0 0 0 0 0 0; 3 3 0 4 3 0 4 7 7 6 6 6 0 0 0 0 0 0 0 0; 3 3 0 5 5 0 6 7 7 5 6 5 0 0 0 0 0 0 0 0; 4 5 7 9 8 6 5 4 0 0 3 3 0 0 0 0 0 0 0 0; 3 5 6 8 6 6 4 3 0 0 1 2 0 0 0 0 0 0 0 0; 3 5 5 5 6 6 5 4 0 0 1 1 0 0 0 0 0 0 0 0], Int8[1 1 1 1 0 0 0 0 0 0 0 0 0 2 5 5 3 3 3 1; 2 2 2 0 0 0 0 0 0 0 0 0 0 2 5 5 3 3 3 0; 2 2 2 0 0 0 0 0 0 0 0 0 0 3 5 5 4 3 0 0; 2 2 2 0 0 0 0 0 0 0 0 0 0 0 0 0 5 4 0 0; 1 2 2 0 0 0 0 0 0 0 0 0 0 0 0 0 4 4 0 0; 2 2 2 0 0 0 0 0 0 0 0 0 0 3 3 3 4 2 0 0; 3 2 2 0 0 0 0 0 0 0 0 0 0 2 5 5 3 3 0 0; 1 2 2 1 1 0 0 0 0 0 0 1 0 2 6 5 3 3 3 0; 1 1 2 1 1 0 0 0 0 1 1 1 0 4 3 3 4 1 1 1; 1 1 2 2 0 0 0 0 0 2 1 2 0 3 4 4 1 1 1 1; 1 2 2 2 2 2 2 3 3 2 2 3 3 4 4 0 0 2 2 1; 0 0 2 1 2 2 2 2 2 2 3 3 3 4 2 0 0 2 2 1; 0 0 1 2 2 2 2 2 2 2 2 3 4 4 3 0 0 3 3 3; 0 0 0 0 1 0 0 0 0 0 0 0 0 2 3 0 0 4 4 4; 0 0 0 0 0 0 0 0 0 0 0 0 0 3 4 0 0 6 5 5; 0 0 0 0 0 0 0 0 0 0 0 0 0 3 6 6 7 8 7 4; 0 0 0 0 0 0 0 0 0 0 0 0 0 7 6 6 7 8 8 6; 0 0 0 0 0 0 0 0 0 0 0 0 0 5 10 10 8 7 6 2; 0 0 0 0 0 0 0 0 0 0 0 0 0 4 10 10 7 0 0 0; 0 0 0 0 0 0 0 0 0 0 0 0 0 4 7 8 5 0 0 0]]";[0.0, 16.0, 21.0];[0.0, 7.280109889280518, 21.095023109728988];[16.0, 0.0, 13.0];[7.280109889280518, 0.0, 14.212670403551895];[21.0, 13.0, 0.0];[21.095023109728988, 14.212670403551895, 0.0]
36;0.9744245524296675;"MMatrix[Int8[18 24 30 29 20 0 0 0 0 0 0 0 0 0 0 0 0 0 0 0; 23 26 35 27 19 0 0 0 0 0 0 0 0 0 0 0 0 0 0 0; 24 29 32 25 17 0 0 0 0 0 0 0 0 0 0 0 0 0 0 0; 15 16 15 0 0 0 0 0 0 0 0 0 0 0 0 0 0 0 0 0; 10 13 11 0 0 0 0 0 0 0 0 0 0 0 0 0 0 0 0 0; 5 7 8 0 0 0 0 0 0 0 0 0 0 0 0 0 0 0 0 0; 4 3 2 0 0 0 0 0 0 0 0 0 0 0 0 0 0 0 0 0; 2 1 1 0 0 0 0 0 0 0 0 0 0 0 0 0 0 0 0 0; 0 0 1 0 0 0 0 0 0 0 0 0 0 0 0 0 0 0 0 0; 0 0 0 0 0 0 0 0 0 0 0 0 0 0 0 0 0 0 0 0; 0 0 0 0 0 0 0 0 0 0 0 0 0 0 0 0 0 0 0 0; 0 0 0 0 0 0 0 0 0 0 0 0 0 0 0 0 0 0 0 0; 0 0 0 0 0 0 0 0 0 0 0 0 0 0 0 0 0 0 0 0; 0 0 0 0 0 0 0 0 0 0 0 0 0 0 0 0 0 0 0 0; 0 0 0 0 0 0 0 0 0 0 0 0 0 0 0 0 0 0 0 0; 0 0 0 0 0 0 0 0 0 0 0 0 0 0 0 0 0 0 0 0; 0 0 0 0 0 0 0 0 0 0 0 0 0 0 0 0 0 0 0 0; 0 0 0 0 0 0 0 0 0 0 0 0 0 0 0 0 0 0 0 0; 0 0 0 0 0 0 0 0 0 0 0 0 0 0 0 0 0 0 0 0; 0 0 0 0 0 0 0 0 0 0 0 0 0 0 0 0 0 0 0 0], Int8[0 2 2 1 1 0 0 0 0 0 0 0 0 0 0 0 0 0 0 0; 2 2 2 1 1 0 1 0 0 0 0 1 0 0 0 0 0 0 0 0; 2 2 2 1 1 0 2 2 2 2 2 1 0 0 0 0 0 0 0 0; 2 2 2 0 0 0 3 3 3 2 2 2 0 0 0 0 0 0 0 0; 2 2 2 0 0 0 3 3 0 0 2 2 0 0 0 0 0 0 0 0; 2 3 2 0 0 0 1 2 0 0 2 1 0 0 0 0 0 0 0 0; 2 3 4 0 0 0 2 2 0 0 2 2 0 0 0 0 0 0 0 0; 3 4 4 3 2 0 2 2 2 1 2 2 0 0 0 0 0 0 0 0; 3 2 3 4 3 0 1 2 1 1 2 1 0 0 0 0 0 0 0 0; 3 4 4 5 0 0 0 0 0 2 2 1 0 0 0 0 0 0 0 0; 3 4 5 5 4 3 2 2 2 2 2 2 1 0 0 0 0 0 0 0; 2 4 4 5 4 3 3 2 1 1 2 0 0 0 0 0 0 0 0 0; 2 3 4 4 4 4 3 2 1 1 1 0 0 0 0 0 0 0 0 0; 0 0 0 4 4 0 0 0 0 0 0 0 0 0 0 0 0 0 0 0; 2 2 0 4 3 0 4 5 6 5 5 3 0 0 0 0 0 0 0 0; 3 3 0 4 3 0 4 7 7 6 6 6 0 0 0 0 0 0 0 0; 3 3 0 5 5 0 6 7 7 5 6 5 0 0 0 0 0 0 0 0; 4 5 7 9 8 6 5 4 0 0 3 3 0 0 0 0 0 0 0 0; 3 5 6 8 6 6 4 3 0 0 1 2 0 0 0 0 0 0 0 0; 3 5 5 5 6 6 5 4 0 0 1 1 0 0 0 0 0 0 0 0], Int8[1 1 1 1 0 0 0 0 0 0 0 0 0 2 5 5 3 3 3 1; 2 2 2 0 0 0 0 0 0 0 0 0 0 2 5 5 3 3 3 0; 2 2 2 0 0 0 0 0 0 0 0 0 0 3 5 5 4 3 0 0; 2 2 2 0 0 0 0 0 0 0 0 0 0 0 0 0 5 4 0 0; 1 2 2 0 0 0 0 0 0 0 0 0 0 0 0 0 4 4 0 0; 2 2 2 0 0 0 0 0 0 0 0 0 0 3 3 3 4 2 0 0; 3 2 2 0 0 0 0 0 0 0 0 0 0 2 5 5 3 3 0 0; 1 2 2 1 1 0 0 0 0 0 0 1 0 2 6 5 3 3 3 0; 1 1 2 1 1 0 0 0 0 1 1 1 0 4 3 3 4 1 1 1; 1 1 2 2 0 0 0 0 0 2 1 2 0 3 4 4 1 1 1 1; 1 2 2 2 2 2 2 3 3 2 2 3 3 4 4 0 0 3 2 1; 0 0 2 1 2 2 2 2 2 2 3 3 3 4 2 0 0 3 3 2; 0 0 1 2 2 2 2 2 2 2 2 3 4 4 3 0 0 4 4 4; 0 0 0 0 1 0 0 0 0 0 0 0 0 2 3 0 0 4 5 5; 0 0 0 0 0 0 0 0 0 0 0 0 0 3 4 0 0 7 6 6; 0 0 0 0 0 0 0 0 0 0 0 0 0 3 6 6 7 9 8 5; 0 0 0 0 0 0 0 0 0 0 0 0 0 7 6 6 7 9 8 6; 0 0 0 0 0 0 0 0 0 0 0 0 0 5 10 10 8 7 6 2; 0 0 0 0 0 0 0 0 0 0 0 0 0 4 10 10 7 0 0 0; 0 0 0 0 0 0 0 0 0 0 0 0 0 4 7 8 5 0 0 0]]";[0.0, 14.0, 19.0];[0.0, 4.0, 17.0];[14.0, 0.0, 14.0];[4.0, 0.0, 13.601470508735444];[19.0, 14.0, 0.0];[17.0, 13.601470508735444, 0.0]
37;0.979539641943734;"MMatrix[Int8[19 24 30 29 20 0 0 0 0 0 0 0 0 0 0 0 0 0 0 0; 24 27 36 27 19 0 0 0 0 0 0 0 0 0 0 0 0 0 0 0; 25 30 33 25 17 0 0 0 0 0 0 0 0 0 0 0 0 0 0 0; 15 17 16 0 0 0 0 0 0 0 0 0 0 0 0 0 0 0 0 0; 11 14 12 0 0 0 0 0 0 0 0 0 0 0 0 0 0 0 0 0; 6 8 9 0 0 0 0 0 0 0 0 0 0 0 0 0 0 0 0 0; 5 3 2 0 0 0 0 0 0 0 0 0 0 0 0 0 0 0 0 0; 2 1 1 0 0 0 0 0 0 0 0 0 0 0 0 0 0 0 0 0; 0 0 1 0 0 0 0 0 0 0 0 0 0 0 0 0 0 0 0 0; 0 0 0 0 0 0 0 0 0 0 0 0 0 0 0 0 0 0 0 0; 0 0 0 0 0 0 0 0 0 0 0 0 0 0 0 0 0 0 0 0; 0 0 0 0 0 0 0 0 0 0 0 0 0 0 0 0 0 0 0 0; 0 0 0 0 0 0 0 0 0 0 0 0 0 0 0 0 0 0 0 0; 0 0 0 0 0 0 0 0 0 0 0 0 0 0 0 0 0 0 0 0; 0 0 0 0 0 0 0 0 0 0 0 0 0 0 0 0 0 0 0 0; 0 0 0 0 0 0 0 0 0 0 0 0 0 0 0 0 0 0 0 0; 0 0 0 0 0 0 0 0 0 0 0 0 0 0 0 0 0 0 0 0; 0 0 0 0 0 0 0 0 0 0 0 0 0 0 0 0 0 0 0 0; 0 0 0 0 0 0 0 0 0 0 0 0 0 0 0 0 0 0 0 0; 0 0 0 0 0 0 0 0 0 0 0 0 0 0 0 0 0 0 0 0], Int8[0 2 2 1 1 0 1 0 0 0 0 0 0 0 0 0 0 0 0 0; 2 2 2 1 1 0 2 0 0 0 0 1 0 0 0 0 0 0 0 0; 2 2 2 1 1 0 2 3 3 3 2 1 0 0 0 0 0 0 0 0; 2 2 2 0 0 0 4 4 4 2 2 2 0 0 0 0 0 0 0 0; 2 2 2 0 0 0 4 4 0 0 2 2 0 0 0 0 0 0 0 0; 2 3 2 0 0 0 2 2 0 0 2 1 0 0 0 0 0 0 0 0; 2 3 4 0 0 0 2 2 0 0 2 2 0 0 0 0 0 0 0 0; 3 4 4 3 2 0 2 2 2 1 2 2 0 0 0 0 0 0 0 0; 3 2 3 4 3 0 1 2 1 1 2 1 0 0 0 0 0 0 0 0; 3 4 4 5 0 0 0 0 0 2 2 1 0 0 0 0 0 0 0 0; 3 4 5 5 4 3 2 2 2 2 2 2 1 0 0 0 0 0 0 0; 2 4 4 5 4 3 3 2 1 1 2 0 0 0 0 0 0 0 0 0; 2 3 4 4 4 4 3 2 1 1 1 0 0 0 0 0 0 0 0 0; 0 0 0 4 4 0 0 0 0 0 0 0 0 0 0 0 0 0 0 0; 2 2 0 4 3 0 4 5 6 5 5 3 0 0 0 0 0 0 0 0; 3 3 0 4 3 0 4 7 7 6 6 6 0 0 0 0 0 0 0 0; 3 3 0 5 5 0 6 7 7 5 6 5 0 0 0 0 0 0 0 0; 4 5 7 9 8 6 5 4 0 0 3 3 0 0 0 0 0 0 0 0; 3 5 6 8 6 6 4 3 0 0 1 2 0 0 0 0 0 0 0 0; 3 5 5 5 6 6 5 4 0 0 1 1 0 0 0 0 0 0 0 0], Int8[1 1 1 1 0 0 0 0 0 0 0 0 0 2 5 5 3 3 3 1; 2 2 2 0 0 0 0 0 0 0 0 0 0 2 5 5 3 3 3 0; 2 2 2 0 0 0 0 0 0 0 0 0 0 3 5 5 4 3 0 0; 2 2 2 0 0 0 0 0 0 0 0 0 0 0 0 0 5 4 0 0; 1 2 2 0 0 0 0 0 0 0 0 0 0 0 0 0 4 4 0 0; 2 2 2 0 0 0 0 0 0 0 0 0 0 3 3 3 4 2 0 0; 3 2 2 0 0 0 0 0 0 0 0 0 0 2 5 5 3 3 0 0; 1 2 2 1 1 0 0 0 0 0 0 1 0 2 6 5 3 3 3 0; 1 1 2 1 1 0 0 0 0 1 1 1 0 4 3 3 4 1 1 2; 1 1 2 2 0 0 0 0 0 2 1 2 0 3 4 4 1 2 2 2; 1 2 2 2 2 2 2 3 3 2 2 3 3 4 4 0 0 4 3 2; 0 0 2 1 2 2 2 2 2 2 3 3 3 4 2 0 0 4 4 2; 0 0 1 2 2 2 2 2 2 2 2 3 4 4 3 0 0 5 5 5; 0 0 0 0 1 0 0 0 0 0 0 0 0 2 3 0 0 5 6 6; 0 0 0 0 0 0 0 0 0 0 0 0 0 3 4 0 0 7 6 7; 0 0 0 0 0 0 0 0 0 0 0 0 0 3 6 6 7 9 8 5; 0 0 0 0 0 0 0 0 0 0 0 0 0 7 6 6 7 9 8 6; 0 0 0 0 0 0 0 0 0 0 0 0 0 5 10 10 8 7 6 2; 0 0 0 0 0 0 0 0 0 0 0 0 0 4 10 10 7 0 0 0; 0 0 0 0 0 0 0 0 0 0 0 0 0 4 7 8 5 0 0 0]]";[0.0, 19.0, 22.0];[0.0, 6.082762530298219, 20.615528128088304];[19.0, 0.0, 16.0];[6.082762530298219, 0.0, 15.811388300841896];[22.0, 16.0, 0.0];[20.615528128088304, 15.811388300841896, 0.0]
38;0.9872122762148338;"MMatrix[Int8[19 24 31 29 20 0 0 0 0 0 0 0 0 0 0 0 0 0 0 0; 25 28 37 28 20 0 0 0 0 0 0 0 0 0 0 0 0 0 0 0; 26 31 34 26 17 0 0 0 0 0 0 0 0 0 0 0 0 0 0 0; 16 18 16 0 0 0 0 0 0 0 0 0 0 0 0 0 0 0 0 0; 12 15 13 0 0 0 0 0 0 0 0 0 0 0 0 0 0 0 0 0; 7 9 10 0 0 0 0 0 0 0 0 0 0 0 0 0 0 0 0 0; 5 3 3 0 0 0 0 0 0 0 0 0 0 0 0 0 0 0 0 0; 2 1 1 0 0 0 0 0 0 0 0 0 0 0 0 0 0 0 0 0; 0 0 1 0 0 0 0 0 0 0 0 0 0 0 0 0 0 0 0 0; 0 0 0 0 0 0 0 0 0 0 0 0 0 0 0 0 0 0 0 0; 0 0 0 0 0 0 0 0 0 0 0 0 0 0 0 0 0 0 0 0; 0 0 0 0 0 0 0 0 0 0 0 0 0 0 0 0 0 0 0 0; 0 0 0 0 0 0 0 0 0 0 0 0 0 0 0 0 0 0 0 0; 0 0 0 0 0 0 0 0 0 0 0 0 0 0 0 0 0 0 0 0; 0 0 0 0 0 0 0 0 0 0 0 0 0 0 0 0 0 0 0 0; 0 0 0 0 0 0 0 0 0 0 0 0 0 0 0 0 0 0 0 0; 0 0 0 0 0 0 0 0 0 0 0 0 0 0 0 0 0 0 0 0; 0 0 0 0 0 0 0 0 0 0 0 0 0 0 0 0 0 0 0 0; 0 0 0 0 0 0 0 0 0 0 0 0 0 0 0 0 0 0 0 0; 0 0 0 0 0 0 0 0 0 0 0 0 0 0 0 0 0 0 0 0], Int8[0 2 2 1 1 0 1 0 0 0 0 0 0 0 0 0 0 0 0 0; 2 2 2 1 1 0 3 0 0 0 0 1 0 0 0 0 0 0 0 0; 2 2 2 1 1 0 3 3 3 3 2 1 0 0 0 0 0 0 0 0; 2 2 2 0 0 0 5 4 4 2 2 2 0 0 0 0 0 0 0 0; 2 2 2 0 0 0 4 4 0 0 2 2 0 0 0 0 0 0 0 0; 2 3 2 0 0 0 2 2 0 0 2 1 0 0 0 0 0 0 0 0; 2 3 4 0 0 0 2 2 0 0 2 2 0 0 0 0 0 0 0 0; 3 4 4 3 2 0 2 2 2 1 2 2 0 0 0 0 0 0 0 0; 3 2 3 4 3 0 1 2 1 1 2 1 0 0 0 0 0 0 0 0; 3 4 4 5 0 0 0 0 0 2 2 1 0 0 0 0 0 0 0 0; 3 4 5 5 4 3 2 2 2 2 2 2 1 0 0 0 0 0 0 0; 2 4 4 5 4 3 3 2 1 1 2 0 0 0 0 0 0 0 0 0; 2 3 4 4 4 4 3 2 1 1 1 0 0 0 0 0 0 0 0 0; 0 0 0 4 4 0 0 0 0 0 0 0 0 0 0 0 0 0 0 0; 2 2 0 4 3 0 4 5 6 5 5 3 0 0 0 0 0 0 0 0; 3 3 0 4 3 0 4 7 7 6 6 6 0 0 0 0 0 0 0 0; 3 3 0 5 5 0 6 7 7 5 6 5 0 0 0 0 0 0 0 0; 4 5 7 9 8 6 5 4 0 0 3 3 0 0 0 0 0 0 0 0; 3 5 6 8 6 6 4 3 0 0 1 2 0 0 0 0 0 0 0 0; 3 5 5 5 6 6 5 4 0 0 1 1 0 0 0 0 0 0 0 0], Int8[1 1 1 1 0 0 0 0 0 0 0 0 0 2 5 5 3 3 3 1; 2 2 2 0 0 0 0 0 0 0 0 0 0 2 5 5 3 3 3 0; 2 2 2 0 0 0 0 0 0 0 0 0 0 3 5 5 4 3 0 0; 2 2 2 0 0 0 0 0 0 0 0 0 0 0 0 0 5 4 0 0; 1 2 2 0 0 0 0 0 0 0 0 0 0 0 0 0 4 4 0 0; 2 2 2 0 0 0 0 0 0 0 0 0 0 3 3 3 4 2 0 0; 3 2 2 0 0 0 0 0 0 0 0 0 0 2 5 5 3 4 0 0; 1 2 2 1 1 0 0 0 0 0 0 1 0 2 6 5 3 4 4 1; 1 1 2 1 1 0 0 0 0 1 1 1 0 4 3 3 5 2 2 2; 1 1 2 2 0 0 0 0 0 2 1 2 0 3 4 4 1 3 3 3; 1 2 2 2 2 2 2 3 3 2 2 3 3 4 4 0 0 5 4 3; 0 0 2 1 2 2 2 2 2 2 3 3 3 4 2 0 0 4 4 3; 0 0 1 2 2 2 2 2 2 2 2 3 4 4 3 0 0 5 5 5; 0 0 0 0 1 0 0 0 0 0 0 0 0 2 3 0 0 5 6 6; 0 0 0 0 0 0 0 0 0 0 0 0 0 3 4 0 0 7 6 7; 0 0 0 0 0 0 0 0 0 0 0 0 0 3 6 6 7 9 8 5; 0 0 0 0 0 0 0 0 0 0 0 0 0 7 6 6 7 9 8 6; 0 0 0 0 0 0 0 0 0 0 0 0 0 5 10 10 8 7 6 2; 0 0 0 0 0 0 0 0 0 0 0 0 0 4 10 10 7 0 0 0; 0 0 0 0 0 0 0 0 0 0 0 0 0 4 7 8 5 0 0 0]]";[0.0, 21.0, 22.0];[0.0, 5.0, 17.72004514666935];[21.0, 0.0, 18.0];[5.0, 0.0, 15.264337522473747];[22.0, 18.0, 0.0];[17.72004514666935, 15.264337522473747, 0.0]
39;0.9872122762148338;"MMatrix[Int8[20 24 31 29 20 0 0 0 0 0 0 0 0 0 0 0 0 0 0 0; 26 29 38 28 20 0 0 0 0 0 0 0 0 0 0 0 0 0 0 0; 27 32 35 26 17 0 0 0 0 0 0 0 0 0 0 0 0 0 0 0; 16 19 17 0 0 0 0 0 0 0 0 0 0 0 0 0 0 0 0 0; 13 16 14 0 0 0 0 0 0 0 0 0 0 0 0 0 0 0 0 0; 8 10 11 0 0 0 0 0 0 0 0 0 0 0 0 0 0 0 0 0; 6 3 3 0 0 0 0 0 0 0 0 0 0 0 0 0 0 0 0 0; 2 1 1 0 0 0 0 0 0 0 0 0 0 0 0 0 0 0 0 0; 0 0 1 0 0 0 0 0 0 0 0 0 0 0 0 0 0 0 0 0; 0 0 0 0 0 0 0 0 0 0 0 0 0 0 0 0 0 0 0 0; 0 0 0 0 0 0 0 0 0 0 0 0 0 0 0 0 0 0 0 0; 0 0 0 0 0 0 0 0 0 0 0 0 0 0 0 0 0 0 0 0; 0 0 0 0 0 0 0 0 0 0 0 0 0 0 0 0 0 0 0 0; 0 0 0 0 0 0 0 0 0 0 0 0 0 0 0 0 0 0 0 0; 0 0 0 0 0 0 0 0 0 0 0 0 0 0 0 0 0 0 0 0; 0 0 0 0 0 0 0 0 0 0 0 0 0 0 0 0 0 0 0 0; 0 0 0 0 0 0 0 0 0 0 0 0 0 0 0 0 0 0 0 0; 0 0 0 0 0 0 0 0 0 0 0 0 0 0 0 0 0 0 0 0; 0 0 0 0 0 0 0 0 0 0 0 0 0 0 0 0 0 0 0 0; 0 0 0 0 0 0 0 0 0 0 0 0 0 0 0 0 0 0 0 0], Int8[0 2 2 1 1 0 2 0 0 0 0 0 0 0 0 0 0 0 0 0; 2 2 2 1 1 0 4 0 0 0 0 1 0 0 0 0 0 0 0 0; 2 2 2 1 1 0 4 4 4 3 2 1 0 0 0 0 0 0 0 0; 2 2 2 0 0 0 5 5 5 3 2 2 0 0 0 0 0 0 0 0; 2 2 2 0 0 0 5 5 0 0 2 2 0 0 0 0 0 0 0 0; 2 3 2 0 0 0 3 3 0 0 2 1 0 0 0 0 0 0 0 0; 2 3 4 0 0 0 3 2 0 0 2 2 0 0 0 0 0 0 0 0; 3 4 4 3 2 0 2 2 2 1 2 2 0 0 0 0 0 0 0 0; 3 2 3 4 3 0 1 2 1 1 2 1 0 0 0 0 0 0 0 0; 3 4 4 5 0 0 0 0 0 2 2 1 0 0 0 0 0 0 0 0; 3 4 5 5 4 3 2 2 2 2 2 2 1 0 0 0 0 0 0 0; 2 4 4 5 4 3 3 2 1 1 2 0 0 0 0 0 0 0 0 0; 2 3 4 4 4 4 3 2 1 1 1 0 0 0 0 0 0 0 0 0; 0 0 0 4 4 0 0 0 0 0 0 0 0 0 0 0 0 0 0 0; 2 2 0 4 3 0 4 5 6 5 5 3 0 0 0 0 0 0 0 0; 3 3 0 4 3 0 4 7 7 6 6 6 0 0 0 0 0 0 0 0; 3 3 0 5 5 0 6 7 7 5 6 5 0 0 0 0 0 0 0 0; 4 5 7 9 8 6 5 4 0 0 3 3 0 0 0 0 0 0 0 0; 3 5 6 8 6 6 4 3 0 0 1 2 0 0 0 0 0 0 0 0; 3 5 5 5 6 6 5 4 0 0 1 1 0 0 0 0 0 0 0 0], Int8[1 1 1 1 0 0 0 0 0 0 0 0 0 2 5 5 3 3 3 1; 2 2 2 0 0 0 0 0 0 0 0 0 0 2 5 5 3 3 3 0; 2 2 2 0 0 0 0 0 0 0 0 0 0 3 5 5 4 3 0 0; 2 2 2 0 0 0 0 0 0 0 0 0 0 0 0 0 5 5 0 0; 1 2 2 0 0 0 0 0 0 0 0 0 0 0 0 0 5 5 0 0; 2 2 2 0 0 0 0 0 0 0 0 0 0 3 3 4 5 3 0 0; 3 2 2 0 0 0 0 0 0 0 0 0 0 2 6 6 4 4 0 0; 1 2 2 1 1 0 0 0 0 0 0 1 0 2 6 6 4 5 5 1; 1 1 2 1 1 0 0 0 0 1 1 1 0 4 3 4 6 3 3 3; 1 1 2 2 0 0 0 0 0 2 1 2 0 3 4 4 1 4 3 3; 1 2 2 2 2 2 2 3 3 2 2 3 3 4 4 0 0 5 4 3; 0 0 2 1 2 2 2 2 2 2 3 3 3 4 2 0 0 4 4 3; 0 0 1 2 2 2 2 2 2 2 2 3 4 4 3 0 0 5 5 5; 0 0 0 0 1 0 0 0 0 0 0 0 0 2 3 0 0 5 6 6; 0 0 0 0 0 0 0 0 0 0 0 0 0 3 4 0 0 7 6 7; 0 0 0 0 0 0 0 0 0 0 0 0 0 3 6 6 7 9 8 5; 0 0 0 0 0 0 0 0 0 0 0 0 0 7 6 6 7 9 8 6; 0 0 0 0 0 0 0 0 0 0 0 0 0 5 10 10 8 7 6 2; 0 0 0 0 0 0 0 0 0 0 0 0 0 4 10 10 7 0 0 0; 0 0 0 0 0 0 0 0 0 0 0 0 0 4 7 8 5 0 0 0]]";[0.0, 18.0, 20.0];[0.0, 6.0, 17.26267650163207];[18.0, 0.0, 13.0];[6.0, 0.0, 11.40175425099138];[20.0, 13.0, 0.0];[17.26267650163207, 11.40175425099138, 0.0]
40;0.9872122762148338;"MMatrix[Int8[21 25 32 30 21 0 0 0 0 0 0 0 0 0 0 0 0 0 0 0; 27 30 38 29 21 0 0 0 0 0 0 0 0 0 0 0 0 0 0 0; 28 33 36 27 18 0 0 0 0 0 0 0 0 0 0 0 0 0 0 0; 17 20 18 0 0 0 0 0 0 0 0 0 0 0 0 0 0 0 0 0; 13 16 15 0 0 0 0 0 0 0 0 0 0 0 0 0 0 0 0 0; 8 10 11 0 0 0 0 0 0 0 0 0 0 0 0 0 0 0 0 0; 6 3 3 0 0 0 0 0 0 0 0 0 0 0 0 0 0 0 0 0; 2 1 1 0 0 0 0 0 0 0 0 0 0 0 0 0 0 0 0 0; 0 0 1 0 0 0 0 0 0 0 0 0 0 0 0 0 0 0 0 0; 0 0 0 0 0 0 0 0 0 0 0 0 0 0 0 0 0 0 0 0; 0 0 0 0 0 0 0 0 0 0 0 0 0 0 0 0 0 0 0 0; 0 0 0 0 0 0 0 0 0 0 0 0 0 0 0 0 0 0 0 0; 0 0 0 0 0 0 0 0 0 0 0 0 0 0 0 0 0 0 0 0; 0 0 0 0 0 0 0 0 0 0 0 0 0 0 0 0 0 0 0 0; 0 0 0 0 0 0 0 0 0 0 0 0 0 0 0 0 0 0 0 0; 0 0 0 0 0 0 0 0 0 0 0 0 0 0 0 0 0 0 0 0; 0 0 0 0 0 0 0 0 0 0 0 0 0 0 0 0 0 0 0 0; 0 0 0 0 0 0 0 0 0 0 0 0 0 0 0 0 0 0 0 0; 0 0 0 0 0 0 0 0 0 0 0 0 0 0 0 0 0 0 0 0; 0 0 0 0 0 0 0 0 0 0 0 0 0 0 0 0 0 0 0 0], Int8[0 2 2 1 1 0 2 0 0 0 0 0 0 0 0 0 0 0 0 0; 2 2 2 1 1 0 4 0 0 0 0 2 0 0 0 0 0 0 0 0; 2 2 2 1 1 0 4 5 5 4 3 2 0 0 0 0 0 0 0 0; 2 2 2 0 0 0 6 6 6 3 3 3 0 0 0 0 0 0 0 0; 2 2 2 0 0 0 5 5 0 0 3 3 0 0 0 0 0 0 0 0; 2 3 2 0 0 0 3 3 0 0 2 2 0 0 0 0 0 0 0 0; 2 3 4 0 0 0 3 2 0 0 2 2 0 0 0 0 0 0 0 0; 3 4 4 3 2 0 2 2 2 1 2 2 0 0 0 0 0 0 0 0; 3 2 3 4 3 0 1 2 1 1 2 1 0 0 0 0 0 0 0 0; 3 4 4 5 0 0 0 0 0 2 2 1 0 0 0 0 0 0 0 0; 3 4 5 5 4 3 2 2 2 2 2 2 1 0 0 0 0 0 0 0; 2 4 4 5 4 3 3 2 1 1 2 0 0 0 0 0 0 0 0 0; 2 3 4 4 4 4 3 2 1 1 1 0 0 0 0 0 0 0 0 0; 0 0 0 4 4 0 0 0 0 0 0 0 0 0 0 0 0 0 0 0; 2 2 0 4 3 0 4 5 6 5 5 3 0 0 0 0 0 0 0 0; 3 3 0 4 3 0 4 7 7 6 6 6 0 0 0 0 0 0 0 0; 3 3 0 5 5 0 6 7 7 5 6 5 0 0 0 0 0 0 0 0; 4 5 7 9 8 6 5 4 0 0 3 3 0 0 0 0 0 0 0 0; 3 5 6 8 6 6 4 3 0 0 1 2 0 0 0 0 0 0 0 0; 3 5 5 5 6 6 5 4 0 0 1 1 0 0 0 0 0 0 0 0], Int8[1 1 1 1 0 0 0 0 0 0 0 0 0 2 5 5 3 4 3 1; 2 2 2 0 0 0 0 0 0 0 0 0 0 2 5 6 4 4 3 0; 2 2 2 0 0 0 0 0 0 0 0 0 0 3 5 6 5 4 0 0; 2 2 2 0 0 0 0 0 0 0 0 0 0 0 0 0 6 5 0 0; 1 2 2 0 0 0 0 0 0 0 0 0 0 0 0 0 6 6 0 0; 2 2 2 0 0 0 0 0 0 0 0 0 0 3 3 5 6 4 0 0; 3 2 2 0 0 0 0 0 0 0 0 0 0 2 6 6 4 5 0 0; 1 2 2 1 1 0 0 0 0 0 0 1 0 2 6 6 4 5 5 1; 1 1 2 1 1 0 0 0 0 1 1 1 0 4 3 4 6 3 3 3; 1 1 2 2 0 0 0 0 0 2 1 2 0 3 4 4 1 4 3 3; 1 2 2 2 2 2 2 3 3 2 2 3 3 4 4 0 0 5 4 3; 0 0 2 1 2 2 2 2 2 2 3 3 3 4 2 0 0 4 4 3; 0 0 1 2 2 2 2 2 2 2 2 3 4 4 3 0 0 5 5 5; 0 0 0 0 1 0 0 0 0 0 0 0 0 2 3 0 0 5 6 6; 0 0 0 0 0 0 0 0 0 0 0 0 0 3 4 0 0 7 6 7; 0 0 0 0 0 0 0 0 0 0 0 0 0 3 6 6 7 9 8 5; 0 0 0 0 0 0 0 0 0 0 0 0 0 7 6 6 7 9 8 6; 0 0 0 0 0 0 0 0 0 0 0 0 0 5 10 10 8 7 6 2; 0 0 0 0 0 0 0 0 0 0 0 0 0 4 10 10 7 0 0 0; 0 0 0 0 0 0 0 0 0 0 0 0 0 4 7 8 5 0 0 0]]";[0.0, 20.0, 24.0];[0.0, 7.280109889280518, 15.132745950421556];[20.0, 0.0, 14.0];[7.280109889280518, 0.0, 8.0];[24.0, 14.0, 0.0];[15.132745950421556, 8.0, 0.0]
41;0.9974424552429667;"MMatrix[Int8[21 25 33 31 22 0 0 0 0 0 0 0 0 0 0 0 0 0 0 0; 27 31 39 30 21 0 0 0 0 0 0 0 0 0 0 0 0 0 0 0; 28 33 37 28 19 0 0 0 0 0 0 0 0 0 0 0 0 0 0 0; 17 20 19 0 0 0 0 0 0 0 0 0 0 0 0 0 0 0 0 0; 13 16 15 0 0 0 0 0 0 0 0 0 0 0 0 0 0 0 0 0; 8 10 11 0 0 0 0 0 0 0 0 0 0 0 0 0 0 0 0 0; 6 3 3 0 0 0 0 0 0 0 0 0 0 0 0 0 0 0 0 0; 2 1 1 0 0 0 0 0 0 0 0 0 0 0 0 0 0 0 0 0; 0 0 1 0 0 0 0 0 0 0 0 0 0 0 0 0 0 0 0 0; 0 0 0 0 0 0 0 0 0 0 0 0 0 0 0 0 0 0 0 0; 0 0 0 0 0 0 0 0 0 0 0 0 0 0 0 0 0 0 0 0; 0 0 0 0 0 0 0 0 0 0 0 0 0 0 0 0 0 0 0 0; 0 0 0 0 0 0 0 0 0 0 0 0 0 0 0 0 0 0 0 0; 0 0 0 0 0 0 0 0 0 0 0 0 0 0 0 0 0 0 0 0; 0 0 0 0 0 0 0 0 0 0 0 0 0 0 0 0 0 0 0 0; 0 0 0 0 0 0 0 0 0 0 0 0 0 0 0 0 0 0 0 0; 0 0 0 0 0 0 0 0 0 0 0 0 0 0 0 0 0 0 0 0; 0 0 0 0 0 0 0 0 0 0 0 0 0 0 0 0 0 0 0 0; 0 0 0 0 0 0 0 0 0 0 0 0 0 0 0 0 0 0 0 0; 0 0 0 0 0 0 0 0 0 0 0 0 0 0 0 0 0 0 0 0], Int8[0 2 2 1 1 0 2 0 0 0 0 1 0 0 0 0 0 0 0 0; 2 2 2 1 1 0 4 0 0 0 0 2 0 0 0 0 0 0 0 0; 2 2 2 1 1 0 4 5 5 4 4 3 0 0 0 0 0 0 0 0; 2 2 2 0 0 0 6 6 6 4 4 4 0 0 0 0 0 0 0 0; 2 2 2 0 0 0 5 5 0 0 3 4 0 0 0 0 0 0 0 0; 2 3 2 0 0 0 3 3 0 0 2 2 0 0 0 0 0 0 0 0; 2 3 4 0 0 0 3 2 0 0 2 2 0 0 0 0 0 0 0 0; 3 4 4 3 2 0 2 2 2 1 2 2 0 0 0 0 0 0 0 0; 3 2 3 4 3 0 1 2 1 1 2 1 0 0 0 0 0 0 0 0; 3 4 4 5 0 0 0 0 0 2 2 1 0 0 0 0 0 0 0 0; 3 4 5 5 4 3 2 2 2 2 2 2 1 0 0 0 0 0 0 0; 2 4 4 5 4 3 3 2 1 1 2 0 0 0 0 0 0 0 0 0; 2 3 4 4 4 4 3 2 1 1 1 0 0 0 0 0 0 0 0 0; 0 0 0 4 4 0 0 0 0 0 0 0 0 0 0 0 0 0 0 0; 2 2 0 4 3 0 4 5 6 5 5 3 0 0 0 0 0 0 0 0; 3 3 0 4 3 0 4 7 7 6 6 6 0 0 0 0 0 0 0 0; 3 3 0 5 5 0 6 7 7 5 6 5 0 0 0 0 0 0 0 0; 4 5 7 9 8 6 5 4 0 0 3 3 0 0 0 0 0 0 0 0; 3 5 6 8 6 6 4 3 0 0 1 2 0 0 0 0 0 0 0 0; 3 5 5 5 6 6 5 4 0 0 1 1 0 0 0 0 0 0 0 0], Int8[1 1 1 1 0 0 0 0 0 0 0 0 0 2 6 6 4 4 4 2; 2 2 2 0 0 0 0 0 0 0 0 0 0 2 5 7 5 5 4 1; 2 2 2 0 0 0 0 0 0 0 0 0 0 3 5 7 6 5 0 0; 2 2 2 0 0 0 0 0 0 0 0 0 0 0 0 0 6 6 0 0; 1 2 2 0 0 0 0 0 0 0 0 0 0 0 0 0 6 6 0 0; 2 2 2 0 0 0 0 0 0 0 0 0 0 3 3 5 6 4 0 0; 3 2 2 0 0 0 0 0 0 0 0 0 0 2 6 6 4 5 0 0; 1 2 2 1 1 0 0 0 0 0 0 1 0 2 6 6 4 5 5 1; 1 1 2 1 1 0 0 0 0 1 1 1 0 4 3 4 6 3 3 3; 1 1 2 2 0 0 0 0 0 2 1 2 0 3 4 4 1 4 3 3; 1 2 2 2 2 2 2 3 3 2 2 3 3 4 4 0 0 5 4 3; 0 0 2 1 2 2 2 2 2 2 3 3 3 4 2 0 0 4 4 3; 0 0 1 2 2 2 2 2 2 2 2 3 4 4 3 0 0 5 5 5; 0 0 0 0 1 0 0 0 0 0 0 0 0 2 3 0 0 5 6 6; 0 0 0 0 0 0 0 0 0 0 0 0 0 3 4 0 0 7 6 7; 0 0 0 0 0 0 0 0 0 0 0 0 0 3 6 6 7 9 8 5; 0 0 0 0 0 0 0 0 0 0 0 0 0 7 6 6 7 9 8 6; 0 0 0 0 0 0 0 0 0 0 0 0 0 5 10 10 8 7 6 2; 0 0 0 0 0 0 0 0 0 0 0 0 0 4 10 10 7 0 0 0; 0 0 0 0 0 0 0 0 0 0 0 0 0 4 7 8 5 0 0 0]]";[0.0, 22.0, 27.0];[0.0, 7.0, 13.038404810405298];[22.0, 0.0, 19.0];[7.0, 0.0, 6.082762530298219];[27.0, 19.0, 0.0];[13.038404810405298, 6.082762530298219, 0.0]
42;0.9974424552429667;"MMatrix[Int8[22 26 34 31 23 0 0 0 0 0 0 0 0 0 0 0 0 0 0 0; 27 32 40 31 22 0 0 0 0 0 0 0 0 0 0 0 0 0 0 0; 28 34 38 29 20 0 0 0 0 0 0 0 0 0 0 0 0 0 0 0; 17 20 19 0 0 0 0 0 0 0 0 0 0 0 0 0 0 0 0 0; 13 16 15 0 0 0 0 0 0 0 0 0 0 0 0 0 0 0 0 0; 8 10 11 0 0 0 0 0 0 0 0 0 0 0 0 0 0 0 0 0; 6 3 3 0 0 0 0 0 0 0 0 0 0 0 0 0 0 0 0 0; 2 1 1 0 0 0 0 0 0 0 0 0 0 0 0 0 0 0 0 0; 0 0 1 0 0 0 0 0 0 0 0 0 0 0 0 0 0 0 0 0; 0 0 0 0 0 0 0 0 0 0 0 0 0 0 0 0 0 0 0 0; 0 0 0 0 0 0 0 0 0 0 0 0 0 0 0 0 0 0 0 0; 0 0 0 0 0 0 0 0 0 0 0 0 0 0 0 0 0 0 0 0; 0 0 0 0 0 0 0 0 0 0 0 0 0 0 0 0 0 0 0 0; 0 0 0 0 0 0 0 0 0 0 0 0 0 0 0 0 0 0 0 0; 0 0 0 0 0 0 0 0 0 0 0 0 0 0 0 0 0 0 0 0; 0 0 0 0 0 0 0 0 0 0 0 0 0 0 0 0 0 0 0 0; 0 0 0 0 0 0 0 0 0 0 0 0 0 0 0 0 0 0 0 0; 0 0 0 0 0 0 0 0 0 0 0 0 0 0 0 0 0 0 0 0; 0 0 0 0 0 0 0 0 0 0 0 0 0 0 0 0 0 0 0 0; 0 0 0 0 0 0 0 0 0 0 0 0 0 0 0 0 0 0 0 0], Int8[0 2 2 1 1 0 2 0 0 0 0 1 0 0 0 0 0 0 0 0; 2 2 2 1 1 0 4 0 0 0 0 3 0 0 0 0 0 0 0 0; 2 2 2 1 1 0 4 5 5 5 5 4 0 0 0 0 0 0 0 0; 2 2 2 0 0 0 6 6 6 5 5 5 0 0 0 0 0 0 0 0; 2 2 2 0 0 0 5 5 0 0 4 4 0 0 0 0 0 0 0 0; 2 3 2 0 0 0 3 3 0 0 3 3 0 0 0 0 0 0 0 0; 2 3 4 0 0 0 3 2 0 0 3 3 0 0 0 0 0 0 0 0; 3 4 4 3 2 0 2 2 2 1 2 3 0 0 0 0 0 0 0 0; 3 2 3 4 3 0 1 2 1 1 2 1 0 0 0 0 0 0 0 0; 3 4 4 5 0 0 0 0 0 2 2 1 0 0 0 0 0 0 0 0; 3 4 5 5 4 3 2 2 2 2 2 2 1 0 0 0 0 0 0 0; 2 4 4 5 4 3 3 2 1 1 2 0 0 0 0 0 0 0 0 0; 2 3 4 4 4 4 3 2 1 1 1 0 0 0 0 0 0 0 0 0; 0 0 0 4 4 0 0 0 0 0 0 0 0 0 0 0 0 0 0 0; 2 2 0 4 3 0 4 5 6 5 5 3 0 0 0 0 0 0 0 0; 3 3 0 4 3 0 4 7 7 6 6 6 0 0 0 0 0 0 0 0; 3 3 0 5 5 0 6 7 7 5 6 5 0 0 0 0 0 0 0 0; 4 5 7 9 8 6 5 4 0 0 3 3 0 0 0 0 0 0 0 0; 3 5 6 8 6 6 4 3 0 0 1 2 0 0 0 0 0 0 0 0; 3 5 5 5 6 6 5 4 0 0 1 1 0 0 0 0 0 0 0 0], Int8[1 1 1 1 0 0 0 0 0 0 0 0 0 2 6 6 4 5 4 2; 2 2 2 0 0 0 0 0 0 0 0 0 0 2 5 8 6 6 4 1; 2 2 2 0 0 0 0 0 0 0 0 0 0 3 5 8 7 6 0 0; 2 2 2 0 0 0 0 0 0 0 0 0 0 0 0 0 7 6 0 0; 1 2 2 0 0 0 0 0 0 0 0 0 0 0 0 0 7 7 0 0; 2 2 2 0 0 0 0 0 0 0 0 0 0 3 3 6 7 5 0 0; 3 2 2 0 0 0 0 0 0 0 0 0 0 2 6 6 4 6 0 0; 1 2 2 1 1 0 0 0 0 0 0 1 0 2 6 6 4 5 5 1; 1 1 2 1 1 0 0 0 0 1 1 1 0 4 3 4 6 3 3 3; 1 1 2 2 0 0 0 0 0 2 1 2 0 3 4 4 1 4 3 3; 1 2 2 2 2 2 2 3 3 2 2 3 3 4 4 0 0 5 4 3; 0 0 2 1 2 2 2 2 2 2 3 3 3 4 2 0 0 4 4 3; 0 0 1 2 2 2 2 2 2 2 2 3 4 4 3 0 0 5 5 5; 0 0 0 0 1 0 0 0 0 0 0 0 0 2 3 0 0 5 6 6; 0 0 0 0 0 0 0 0 0 0 0 0 0 3 4 0 0 7 6 7; 0 0 0 0 0 0 0 0 0 0 0 0 0 3 6 6 7 9 8 5; 0 0 0 0 0 0 0 0 0 0 0 0 0 7 6 6 7 9 8 6; 0 0 0 0 0 0 0 0 0 0 0 0 0 5 10 10 8 7 6 2; 0 0 0 0 0 0 0 0 0 0 0 0 0 4 10 10 7 0 0 0; 0 0 0 0 0 0 0 0 0 0 0 0 0 4 7 8 5 0 0 0]]";[0.0, 20.0, 25.0];[0.0, 8.94427190999916, 14.317821063276353];[20.0, 0.0, 13.0];[8.94427190999916, 0.0, 6.082762530298219];[25.0, 13.0, 0.0];[14.317821063276353, 6.082762530298219, 0.0]
43;0.9974424552429667;"MMatrix[Int8[22 27 35 32 23 0 0 0 0 0 0 0 0 0 0 0 0 0 0 0; 28 33 41 31 22 0 0 0 0 0 0 0 0 0 0 0 0 0 0 0; 29 35 39 29 20 0 0 0 0 0 0 0 0 0 0 0 0 0 0 0; 18 20 19 0 0 0 0 0 0 0 0 0 0 0 0 0 0 0 0 0; 13 16 15 0 0 0 0 0 0 0 0 0 0 0 0 0 0 0 0 0; 8 10 11 0 0 0 0 0 0 0 0 0 0 0 0 0 0 0 0 0; 6 3 3 0 0 0 0 0 0 0 0 0 0 0 0 0 0 0 0 0; 2 1 1 0 0 0 0 0 0 0 0 0 0 0 0 0 0 0 0 0; 0 0 1 0 0 0 0 0 0 0 0 0 0 0 0 0 0 0 0 0; 0 0 0 0 0 0 0 0 0 0 0 0 0 0 0 0 0 0 0 0; 0 0 0 0 0 0 0 0 0 0 0 0 0 0 0 0 0 0 0 0; 0 0 0 0 0 0 0 0 0 0 0 0 0 0 0 0 0 0 0 0; 0 0 0 0 0 0 0 0 0 0 0 0 0 0 0 0 0 0 0 0; 0 0 0 0 0 0 0 0 0 0 0 0 0 0 0 0 0 0 0 0; 0 0 0 0 0 0 0 0 0 0 0 0 0 0 0 0 0 0 0 0; 0 0 0 0 0 0 0 0 0 0 0 0 0 0 0 0 0 0 0 0; 0 0 0 0 0 0 0 0 0 0 0 0 0 0 0 0 0 0 0 0; 0 0 0 0 0 0 0 0 0 0 0 0 0 0 0 0 0 0 0 0; 0 0 0 0 0 0 0 0 0 0 0 0 0 0 0 0 0 0 0 0; 0 0 0 0 0 0 0 0 0 0 0 0 0 0 0 0 0 0 0 0], Int8[0 2 2 1 1 0 2 0 0 0 0 1 0 0 0 0 0 0 0 0; 2 2 2 1 1 0 4 0 0 0 0 3 0 0 0 0 0 0 0 0; 2 2 2 1 1 0 4 5 5 5 5 4 0 0 0 0 0 0 0 0; 2 2 2 0 0 0 6 6 6 5 5 5 0 0 0 0 0 0 0 0; 2 2 2 0 0 0 5 5 0 0 4 5 0 0 0 0 0 0 0 0; 2 3 2 0 0 0 3 3 0 0 4 4 0 0 0 0 0 0 0 0; 2 3 4 0 0 0 3 2 0 0 4 4 0 0 0 0 0 0 0 0; 3 4 4 3 2 0 2 2 3 2 3 3 0 0 0 0 0 0 0 0; 3 2 3 4 3 0 1 2 1 2 3 2 0 0 0 0 0 0 0 0; 3 4 4 5 0 0 0 0 0 3 3 2 0 0 0 0 0 0 0 0; 3 4 5 5 4 3 2 2 2 2 2 3 1 0 0 0 0 0 0 0; 2 4 4 5 4 3 3 2 1 1 2 0 0 0 0 0 0 0 0 0; 2 3 4 4 4 4 3 2 1 1 1 0 0 0 0 0 0 0 0 0; 0 0 0 4 4 0 0 0 0 0 0 0 0 0 0 0 0 0 0 0; 2 2 0 4 3 0 4 5 6 5 5 3 0 0 0 0 0 0 0 0; 3 3 0 4 3 0 4 7 7 6 6 6 0 0 0 0 0 0 0 0; 3 3 0 5 5 0 6 7 7 5 6 5 0 0 0 0 0 0 0 0; 4 5 7 9 8 6 5 4 0 0 3 3 0 0 0 0 0 0 0 0; 3 5 6 8 6 6 4 3 0 0 1 2 0 0 0 0 0 0 0 0; 3 5 5 5 6 6 5 4 0 0 1 1 0 0 0 0 0 0 0 0], Int8[1 1 1 1 0 0 0 0 0 0 0 0 0 3 7 7 5 6 4 2; 2 2 2 0 0 0 0 0 0 0 0 0 0 3 6 8 7 7 5 1; 2 2 2 0 0 0 0 0 0 0 0 0 0 4 6 9 8 7 0 0; 2 2 2 0 0 0 0 0 0 0 0 0 0 0 0 0 8 7 0 0; 1 2 2 0 0 0 0 0 0 0 0 0 0 0 0 0 7 7 0 0; 2 2 2 0 0 0 0 0 0 0 0 0 0 3 3 6 7 5 0 0; 3 2 2 0 0 0 0 0 0 0 0 0 0 2 6 6 4 6 0 0; 1 2 2 1 1 0 0 0 0 0 0 1 0 2 6 6 4 5 5 1; 1 1 2 1 1 0 0 0 0 1 1 1 0 4 3 4 6 3 3 3; 1 1 2 2 0 0 0 0 0 2 1 2 0 3 4 4 1 4 3 3; 1 2 2 2 2 2 2 3 3 2 2 3 3 4 4 0 0 5 4 3; 0 0 2 1 2 2 2 2 2 2 3 3 3 4 2 0 0 4 4 3; 0 0 1 2 2 2 2 2 2 2 2 3 4 4 3 0 0 5 5 5; 0 0 0 0 1 0 0 0 0 0 0 0 0 2 3 0 0 5 6 6; 0 0 0 0 0 0 0 0 0 0 0 0 0 3 4 0 0 7 6 7; 0 0 0 0 0 0 0 0 0 0 0 0 0 3 6 6 7 9 8 5; 0 0 0 0 0 0 0 0 0 0 0 0 0 7 6 6 7 9 8 6; 0 0 0 0 0 0 0 0 0 0 0 0 0 5 10 10 8 7 6 2; 0 0 0 0 0 0 0 0 0 0 0 0 0 4 10 10 7 0 0 0; 0 0 0 0 0 0 0 0 0 0 0 0 0 4 7 8 5 0 0 0]]";[0.0, 17.0, 27.0];[0.0, 13.038404810405298, 15.033296378372908];[17.0, 0.0, 12.0];[13.038404810405298, 0.0, 7.211102550927978];[27.0, 12.0, 0.0];[15.033296378372908, 7.211102550927978, 0.0]
44;0.9974424552429667;"MMatrix[Int8[23 27 35 32 23 0 0 0 0 0 0 0 0 0 0 0 0 0 0 0; 29 34 42 31 22 0 0 0 0 0 0 0 0 0 0 0 0 0 0 0; 30 36 40 29 20 0 0 0 0 0 0 0 0 0 0 0 0 0 0 0; 18 21 20 0 0 0 0 0 0 0 0 0 0 0 0 0 0 0 0 0; 14 17 16 0 0 0 0 0 0 0 0 0 0 0 0 0 0 0 0 0; 9 11 12 0 0 0 0 0 0 0 0 0 0 0 0 0 0 0 0 0; 7 3 3 0 0 0 0 0 0 0 0 0 0 0 0 0 0 0 0 0; 2 1 1 0 0 0 0 0 0 0 0 0 0 0 0 0 0 0 0 0; 0 0 1 0 0 0 0 0 0 0 0 0 0 0 0 0 0 0 0 0; 0 0 0 0 0 0 0 0 0 0 0 0 0 0 0 0 0 0 0 0; 0 0 0 0 0 0 0 0 0 0 0 0 0 0 0 0 0 0 0 0; 0 0 0 0 0 0 0 0 0 0 0 0 0 0 0 0 0 0 0 0; 0 0 0 0 0 0 0 0 0 0 0 0 0 0 0 0 0 0 0 0; 0 0 0 0 0 0 0 0 0 0 0 0 0 0 0 0 0 0 0 0; 0 0 0 0 0 0 0 0 0 0 0 0 0 0 0 0 0 0 0 0; 0 0 0 0 0 0 0 0 0 0 0 0 0 0 0 0 0 0 0 0; 0 0 0 0 0 0 0 0 0 0 0 0 0 0 0 0 0 0 0 0; 0 0 0 0 0 0 0 0 0 0 0 0 0 0 0 0 0 0 0 0; 0 0 0 0 0 0 0 0 0 0 0 0 0 0 0 0 0 0 0 0; 0 0 0 0 0 0 0 0 0 0 0 0 0 0 0 0 0 0 0 0], Int8[0 2 2 1 1 0 2 0 0 0 0 1 0 0 0 0 0 0 0 0; 2 2 2 1 1 0 4 0 0 0 0 3 0 0 0 0 0 0 0 0; 2 2 2 1 1 0 4 5 5 5 5 4 0 0 0 0 0 0 0 0; 2 2 2 0 0 0 6 6 6 5 5 5 0 0 0 0 0 0 0 0; 2 2 2 0 0 0 5 5 0 0 4 5 0 0 0 0 0 0 0 0; 2 3 2 0 0 0 4 3 0 0 4 4 0 0 0 0 0 0 0 0; 2 3 4 0 0 0 4 3 0 0 4 4 0 0 0 0 0 0 0 0; 3 4 4 3 2 0 3 3 3 3 4 4 0 0 0 0 0 0 0 0; 3 2 3 4 3 0 2 3 2 3 4 2 0 0 0 0 0 0 0 0; 3 4 4 5 0 0 0 0 0 4 4 2 0 0 0 0 0 0 0 0; 3 4 5 5 4 3 2 2 2 2 2 3 1 0 0 0 0 0 0 0; 2 4 4 5 4 3 3 2 1 1 2 0 0 0 0 0 0 0 0 0; 2 3 4 4 4 4 3 2 1 1 1 0 0 0 0 0 0 0 0 0; 0 0 0 4 4 0 0 0 0 0 0 0 0 0 0 0 0 0 0 0; 2 2 0 4 3 0 4 5 6 5 5 3 0 0 0 0 0 0 0 0; 3 3 0 4 3 0 4 7 7 6 6 6 0 0 0 0 0 0 0 0; 3 3 0 5 5 0 6 7 7 5 6 5 0 0 0 0 0 0 0 0; 4 5 7 9 8 6 5 4 0 0 3 3 0 0 0 0 0 0 0 0; 3 5 6 8 6 6 4 3 0 0 1 2 0 0 0 0 0 0 0 0; 3 5 5 5 6 6 5 4 0 0 1 1 0 0 0 0 0 0 0 0], Int8[1 1 1 1 0 0 0 0 0 0 0 0 0 4 8 7 6 7 5 2; 2 2 2 0 0 0 0 0 0 0 0 0 0 4 7 9 8 8 5 1; 2 2 2 0 0 0 0 0 0 0 0 0 0 5 7 10 9 8 0 0; 2 2 2 0 0 0 0 0 0 0 0 0 0 0 0 0 8 7 0 0; 1 2 2 0 0 0 0 0 0 0 0 0 0 0 0 0 7 7 0 0; 2 2 2 0 0 0 0 0 0 0 0 0 0 3 3 6 7 5 0 0; 3 2 2 0 0 0 0 0 0 0 0 0 0 2 6 6 4 6 0 0; 1 2 2 1 1 0 0 0 0 0 0 1 0 2 6 6 4 5 5 1; 1 1 2 1 1 0 0 0 0 1 1 1 0 4 3 4 6 3 3 3; 1 1 2 2 0 0 0 0 0 2 1 2 0 3 4 4 1 4 3 3; 1 2 2 2 2 2 2 3 3 2 2 3 3 4 4 0 0 5 4 3; 0 0 2 1 2 2 2 2 2 2 3 3 3 4 2 0 0 4 4 3; 0 0 1 2 2 2 2 2 2 2 2 3 4 4 3 0 0 5 5 5; 0 0 0 0 1 0 0 0 0 0 0 0 0 2 3 0 0 5 6 6; 0 0 0 0 0 0 0 0 0 0 0 0 0 3 4 0 0 7 6 7; 0 0 0 0 0 0 0 0 0 0 0 0 0 3 6 6 7 9 8 5; 0 0 0 0 0 0 0 0 0 0 0 0 0 7 6 6 7 9 8 6; 0 0 0 0 0 0 0 0 0 0 0 0 0 5 10 10 8 7 6 2; 0 0 0 0 0 0 0 0 0 0 0 0 0 4 10 10 7 0 0 0; 0 0 0 0 0 0 0 0 0 0 0 0 0 4 7 8 5 0 0 0]]";[0.0, 14.0, 25.0];[0.0, 8.94427190999916, 15.297058540778355];[14.0, 0.0, 14.0];[8.94427190999916, 0.0, 9.899494936611665];[25.0, 14.0, 0.0];[15.297058540778355, 9.899494936611665, 0.0]
45;0.9974424552429667;"MMatrix[Int8[23 27 35 32 23 0 0 0 0 0 0 0 0 0 0 0 0 0 0 0; 29 34 42 31 22 0 0 0 0 0 0 0 0 0 0 0 0 0 0 0; 30 36 41 29 20 0 0 0 0 0 0 0 0 0 0 0 0 0 0 0; 19 22 21 0 0 0 0 0 0 0 0 0 0 0 0 0 0 0 0 0; 15 18 17 0 0 0 0 0 0 0 0 0 0 0 0 0 0 0 0 0; 10 12 12 0 0 0 0 0 0 0 0 0 0 0 0 0 0 0 0 0; 8 4 4 0 0 0 0 0 0 0 0 0 0 0 0 0 0 0 0 0; 3 2 2 0 0 0 0 0 0 0 0 0 0 0 0 0 0 0 0 0; 0 0 2 0 0 0 0 0 0 0 0 0 0 0 0 0 0 0 0 0; 0 0 0 0 0 0 0 0 0 0 0 0 0 0 0 0 0 0 0 0; 0 0 0 0 0 0 0 0 0 0 0 0 0 0 0 0 0 0 0 0; 0 0 0 0 0 0 0 0 0 0 0 0 0 0 0 0 0 0 0 0; 0 0 0 0 0 0 0 0 0 0 0 0 0 0 0 0 0 0 0 0; 0 0 0 0 0 0 0 0 0 0 0 0 0 0 0 0 0 0 0 0; 0 0 0 0 0 0 0 0 0 0 0 0 0 0 0 0 0 0 0 0; 0 0 0 0 0 0 0 0 0 0 0 0 0 0 0 0 0 0 0 0; 0 0 0 0 0 0 0 0 0 0 0 0 0 0 0 0 0 0 0 0; 0 0 0 0 0 0 0 0 0 0 0 0 0 0 0 0 0 0 0 0; 0 0 0 0 0 0 0 0 0 0 0 0 0 0 0 0 0 0 0 0; 0 0 0 0 0 0 0 0 0 0 0 0 0 0 0 0 0 0 0 0], Int8[0 2 2 1 1 0 2 0 0 0 0 1 0 0 0 0 0 0 0 0; 2 2 2 1 1 0 4 0 0 0 0 3 0 0 0 0 0 0 0 0; 2 2 2 1 1 0 5 5 5 5 5 4 0 0 0 0 0 0 0 0; 2 2 2 0 0 0 7 7 7 5 5 5 0 0 0 0 0 0 0 0; 2 2 2 0 0 0 6 6 0 0 4 5 0 0 0 0 0 0 0 0; 2 3 2 0 0 0 4 4 0 0 4 4 0 0 0 0 0 0 0 0; 2 3 4 0 0 0 5 4 0 0 4 4 0 0 0 0 0 0 0 0; 3 4 4 3 2 0 4 4 4 3 4 4 0 0 0 0 0 0 0 0; 3 2 3 4 3 0 3 3 2 3 4 2 0 0 0 0 0 0 0 0; 3 4 4 5 0 0 0 0 0 4 4 2 0 0 0 0 0 0 0 0; 3 4 5 5 4 3 2 2 2 2 2 3 1 0 0 0 0 0 0 0; 2 4 4 5 4 3 3 2 1 1 2 0 0 0 0 0 0 0 0 0; 2 3 4 4 4 4 3 2 1 1 1 0 0 0 0 0 0 0 0 0; 0 0 0 4 4 0 0 0 0 0 0 0 0 0 0 0 0 0 0 0; 2 2 0 4 3 0 4 5 6 5 5 3 0 0 0 0 0 0 0 0; 3 3 0 4 3 0 4 7 7 6 6 6 0 0 0 0 0 0 0 0; 3 3 0 5 5 0 6 7 7 5 6 5 0 0 0 0 0 0 0 0; 4 5 7 9 8 6 5 4 0 0 3 3 0 0 0 0 0 0 0 0; 3 5 6 8 6 6 4 3 0 0 1 2 0 0 0 0 0 0 0 0; 3 5 5 5 6 6 5 4 0 0 1 1 0 0 0 0 0 0 0 0], Int8[1 1 1 1 0 0 0 0 0 0 0 0 0 5 9 8 6 7 5 2; 2 2 2 0 0 0 0 0 0 0 0 0 0 5 8 10 8 8 5 1; 2 2 2 0 0 0 0 0 0 0 0 0 0 5 8 11 10 8 0 0; 2 2 2 0 0 0 0 0 0 0 0 0 0 0 0 0 8 7 0 0; 1 2 2 0 0 0 0 0 0 0 0 0 0 0 0 0 7 7 0 0; 2 2 2 0 0 0 0 0 0 0 0 0 0 3 3 6 7 5 0 0; 3 2 2 0 0 0 0 0 0 0 0 0 0 2 6 6 4 6 0 0; 1 2 2 1 1 0 0 0 0 0 0 1 0 2 6 6 4 5 5 1; 1 1 2 1 1 0 0 0 0 1 1 1 0 4 3 4 6 3 3 3; 1 1 2 2 0 0 0 0 0 2 1 2 0 3 4 4 1 4 3 3; 1 2 2 2 2 2 2 3 3 2 2 3 3 4 4 0 0 5 4 3; 0 0 2 1 2 2 2 2 2 2 3 3 3 4 2 0 0 4 4 3; 0 0 1 2 2 2 2 2 2 2 2 3 4 4 3 0 0 5 5 5; 0 0 0 0 1 0 0 0 0 0 0 0 0 2 3 0 0 5 6 6; 0 0 0 0 0 0 0 0 0 0 0 0 0 3 4 0 0 7 6 7; 0 0 0 0 0 0 0 0 0 0 0 0 0 3 6 6 7 9 8 5; 0 0 0 0 0 0 0 0 0 0 0 0 0 7 6 6 7 9 8 6; 0 0 0 0 0 0 0 0 0 0 0 0 0 5 10 10 8 7 6 2; 0 0 0 0 0 0 0 0 0 0 0 0 0 4 10 10 7 0 0 0; 0 0 0 0 0 0 0 0 0 0 0 0 0 4 7 8 5 0 0 0]]";[0.0, 14.0, 23.0];[0.0, 4.0, 11.40175425099138];[14.0, 0.0, 16.0];[4.0, 0.0, 7.615773105863909];[23.0, 16.0, 0.0];[11.40175425099138, 7.615773105863909, 0.0]
46;0.9974424552429667;"MMatrix[Int8[23 27 35 32 23 0 0 0 0 0 0 0 0 0 0 0 0 0 0 0; 29 34 42 31 22 0 0 0 0 0 0 0 0 0 0 0 0 0 0 0; 30 36 41 29 20 0 0 0 0 0 0 0 0 0 0 0 0 0 0 0; 19 22 21 0 0 0 0 0 0 0 0 0 0 0 0 0 0 0 0 0; 15 18 17 0 0 0 0 0 0 0 0 0 0 0 0 0 0 0 0 0; 10 12 13 0 0 0 0 0 0 0 0 0 0 0 0 0 0 0 0 0; 9 5 5 0 0 0 0 0 0 0 0 0 0 0 0 0 0 0 0 0; 4 3 3 1 1 0 0 0 0 0 0 0 0 0 0 0 0 0 0 0; 1 1 2 1 1 0 0 0 0 0 0 0 0 0 0 0 0 0 0 0; 1 1 1 1 0 0 0 0 0 0 0 0 0 0 0 0 0 0 0 0; 1 1 1 1 1 0 0 0 0 0 0 0 0 0 0 0 0 0 0 0; 0 0 1 0 0 0 0 0 0 0 0 0 0 0 0 0 0 0 0 0; 0 0 0 0 0 0 0 0 0 0 0 0 0 0 0 0 0 0 0 0; 0 0 0 0 0 0 0 0 0 0 0 0 0 0 0 0 0 0 0 0; 0 0 0 0 0 0 0 0 0 0 0 0 0 0 0 0 0 0 0 0; 0 0 0 0 0 0 0 0 0 0 0 0 0 0 0 0 0 0 0 0; 0 0 0 0 0 0 0 0 0 0 0 0 0 0 0 0 0 0 0 0; 0 0 0 0 0 0 0 0 0 0 0 0 0 0 0 0 0 0 0 0; 0 0 0 0 0 0 0 0 0 0 0 0 0 0 0 0 0 0 0 0; 0 0 0 0 0 0 0 0 0 0 0 0 0 0 0 0 0 0 0 0], Int8[0 2 2 1 1 0 2 0 0 0 0 1 0 0 0 0 0 0 0 0; 2 2 2 1 1 0 5 0 0 0 0 3 0 0 0 0 0 0 0 0; 2 2 2 1 1 0 6 6 6 6 6 4 0 0 0 0 0 0 0 0; 2 2 2 0 0 0 8 8 7 6 6 6 0 0 0 0 0 0 0 0; 2 2 2 0 0 0 7 7 0 0 4 5 0 0 0 0 0 0 0 0; 2 3 2 0 0 0 5 4 0 0 4 4 0 0 0 0 0 0 0 0; 2 3 4 0 0 0 5 4 0 0 4 4 0 0 0 0 0 0 0 0; 3 4 4 3 2 0 4 4 4 3 4 4 0 0 0 0 0 0 0 0; 3 2 3 4 3 0 3 3 2 3 4 2 0 0 0 0 0 0 0 0; 3 4 4 5 0 0 0 0 0 4 4 2 0 0 0 0 0 0 0 0; 3 4 5 5 4 3 2 2 2 2 2 3 1 0 0 0 0 0 0 0; 2 4 4 5 4 3 3 2 1 1 2 0 0 0 0 0 0 0 0 0; 2 3 4 4 4 4 3 2 1 1 1 0 0 0 0 0 0 0 0 0; 0 0 0 4 4 0 0 0 0 0 0 0 0 0 0 0 0 0 0 0; 2 2 0 4 3 0 4 5 6 5 5 3 0 0 0 0 0 0 0 0; 3 3 0 4 3 0 4 7 7 6 6 6 0 0 0 0 0 0 0 0; 3 3 0 5 5 0 6 7 7 5 6 5 0 0 0 0 0 0 0 0; 4 5 7 9 8 6 5 4 0 0 3 3 0 0 0 0 0 0 0 0; 3 5 6 8 6 6 4 3 0 0 1 2 0 0 0 0 0 0 0 0; 3 5 5 5 6 6 5 4 0 0 1 1 0 0 0 0 0 0 0 0], Int8[1 1 1 1 0 0 0 0 0 0 0 0 0 6 10 8 7 8 6 2; 2 2 2 0 0 0 0 0 0 0 0 0 0 6 9 11 9 9 5 1; 2 2 2 0 0 0 0 0 0 0 0 0 0 6 9 12 11 9 0 0; 2 2 2 0 0 0 0 0 0 0 0 0 0 0 0 0 8 7 0 0; 1 2 2 0 0 0 0 0 0 0 0 0 0 0 0 0 7 7 0 0; 2 2 2 0 0 0 0 0 0 0 0 0 0 3 3 6 7 5 0 0; 3 2 2 0 0 0 0 0 0 0 0 0 0 2 6 6 4 6 0 0; 1 2 2 1 1 0 0 0 0 0 0 1 0 2 6 6 4 5 5 1; 1 1 2 1 1 0 0 0 0 1 1 1 0 4 3 4 6 3 3 3; 1 1 2 2 0 0 0 0 0 2 1 2 0 3 4 4 1 4 3 3; 1 2 2 2 2 2 2 3 3 2 2 3 3 4 4 0 0 5 4 3; 0 0 2 1 2 2 2 2 2 2 3 3 3 4 2 0 0 4 4 3; 0 0 1 2 2 2 2 2 2 2 2 3 4 4 3 0 0 5 5 5; 0 0 0 0 1 0 0 0 0 0 0 0 0 2 3 0 0 5 6 6; 0 0 0 0 0 0 0 0 0 0 0 0 0 3 4 0 0 7 6 7; 0 0 0 0 0 0 0 0 0 0 0 0 0 3 6 6 7 9 8 5; 0 0 0 0 0 0 0 0 0 0 0 0 0 7 6 6 7 9 8 6; 0 0 0 0 0 0 0 0 0 0 0 0 0 5 10 10 8 7 6 2; 0 0 0 0 0 0 0 0 0 0 0 0 0 4 10 10 7 0 0 0; 0 0 0 0 0 0 0 0 0 0 0 0 0 4 7 8 5 0 0 0]]";[0.0, 13.0, 20.0];[0.0, 7.810249675906654, 15.264337522473747];[13.0, 0.0, 18.0];[7.810249675906654, 0.0, 7.615773105863909];[20.0, 18.0, 0.0];[15.264337522473747, 7.615773105863909, 0.0]
47;0.9974424552429667;"MMatrix[Int8[23 27 35 32 23 0 0 0 0 0 0 0 0 0 0 0 0 0 0 0; 29 34 42 31 22 0 0 0 0 0 0 0 0 0 0 0 0 0 0 0; 30 36 42 29 20 0 0 0 0 0 0 0 0 0 0 0 0 0 0 0; 20 23 22 0 0 0 0 0 0 0 0 0 0 0 0 0 0 0 0 0; 16 19 18 0 0 0 0 0 0 0 0 0 0 0 0 0 0 0 0 0; 11 13 13 0 0 0 0 0 0 0 0 0 0 0 0 0 0 0 0 0; 10 6 6 0 0 0 0 0 0 0 0 0 0 0 0 0 0 0 0 0; 5 4 4 1 1 0 0 0 0 0 0 0 0 0 0 0 0 0 0 0; 1 1 3 1 1 0 0 0 0 0 0 0 0 0 0 0 0 0 0 0; 1 1 1 1 0 0 0 0 0 0 0 0 0 0 0 0 0 0 0 0; 1 1 1 1 1 0 0 0 0 0 0 0 0 0 0 0 0 0 0 0; 0 0 1 0 0 0 0 0 0 0 0 0 0 0 0 0 0 0 0 0; 0 0 0 0 0 0 0 0 0 0 0 0 0 0 0 0 0 0 0 0; 0 0 0 0 0 0 0 0 0 0 0 0 0 0 0 0 0 0 0 0; 0 0 0 0 0 0 0 0 0 0 0 0 0 0 0 0 0 0 0 0; 0 0 0 0 0 0 0 0 0 0 0 0 0 0 0 0 0 0 0 0; 0 0 0 0 0 0 0 0 0 0 0 0 0 0 0 0 0 0 0 0; 0 0 0 0 0 0 0 0 0 0 0 0 0 0 0 0 0 0 0 0; 0 0 0 0 0 0 0 0 0 0 0 0 0 0 0 0 0 0 0 0; 0 0 0 0 0 0 0 0 0 0 0 0 0 0 0 0 0 0 0 0], Int8[0 2 2 1 1 0 3 0 0 0 0 1 0 0 0 0 0 0 0 0; 2 2 2 1 1 0 6 0 0 0 0 3 0 0 0 0 0 0 0 0; 2 2 2 1 1 0 7 7 7 6 6 4 0 0 0 0 0 0 0 0; 2 2 2 0 0 0 8 9 8 7 6 6 0 0 0 0 0 0 0 0; 2 2 2 0 0 0 8 8 0 0 4 5 0 0 0 0 0 0 0 0; 2 3 2 0 0 0 6 5 0 0 4 4 0 0 0 0 0 0 0 0; 2 3 4 0 0 0 6 4 0 0 4 4 0 0 0 0 0 0 0 0; 3 4 4 3 2 0 4 4 4 3 4 4 0 0 0 0 0 0 0 0; 3 2 3 4 3 0 3 3 2 3 4 2 0 0 0 0 0 0 0 0; 3 4 4 5 0 0 0 0 0 4 4 2 0 0 0 0 0 0 0 0; 3 4 5 5 4 3 2 2 2 2 2 3 1 0 0 0 0 0 0 0; 2 4 4 5 4 3 3 2 1 1 2 0 0 0 0 0 0 0 0 0; 2 3 4 4 4 4 3 2 1 1 1 0 0 0 0 0 0 0 0 0; 0 0 0 4 4 0 0 0 0 0 0 0 0 0 0 0 0 0 0 0; 2 2 0 4 3 0 4 5 6 5 5 3 0 0 0 0 0 0 0 0; 3 3 0 4 3 0 4 7 7 6 6 6 0 0 0 0 0 0 0 0; 3 3 0 5 5 0 6 7 7 5 6 5 0 0 0 0 0 0 0 0; 4 5 7 9 8 6 5 4 0 0 3 3 0 0 0 0 0 0 0 0; 3 5 6 8 6 6 4 3 0 0 1 2 0 0 0 0 0 0 0 0; 3 5 5 5 6 6 5 4 0 0 1 1 0 0 0 0 0 0 0 0], Int8[1 1 1 1 0 0 0 0 0 0 0 0 0 6 10 9 8 9 6 3; 2 2 2 0 0 0 0 0 0 0 0 0 0 6 9 11 10 10 6 2; 2 2 2 0 0 0 0 0 0 0 0 0 0 6 9 12 12 10 0 0; 2 2 2 0 0 0 0 0 0 0 0 0 0 0 0 0 8 7 0 0; 1 2 2 0 0 0 0 0 0 0 0 0 0 0 0 0 7 7 0 0; 2 2 2 0 0 0 0 0 0 0 0 0 0 3 3 6 7 5 0 0; 3 2 2 0 0 0 0 0 0 0 0 0 0 2 6 6 4 6 0 0; 1 2 2 1 1 0 0 0 0 0 0 1 0 2 6 6 4 5 5 1; 1 1 2 1 1 0 0 0 0 1 1 1 0 4 3 4 6 3 3 3; 1 1 2 2 0 0 0 0 0 2 1 2 0 3 4 4 1 4 3 3; 1 2 2 2 2 2 2 3 3 2 2 3 3 4 4 0 0 5 4 3; 0 0 2 1 2 2 2 2 2 2 3 3 3 4 2 0 0 4 4 3; 0 0 1 2 2 2 2 2 2 2 2 3 4 4 3 0 0 5 5 5; 0 0 0 0 1 0 0 0 0 0 0 0 0 2 3 0 0 5 6 6; 0 0 0 0 0 0 0 0 0 0 0 0 0 3 4 0 0 7 6 7; 0 0 0 0 0 0 0 0 0 0 0 0 0 3 6 6 7 9 8 5; 0 0 0 0 0 0 0 0 0 0 0 0 0 7 6 6 7 9 8 6; 0 0 0 0 0 0 0 0 0 0 0 0 0 5 10 10 8 7 6 2; 0 0 0 0 0 0 0 0 0 0 0 0 0 4 10 10 7 0 0 0; 0 0 0 0 0 0 0 0 0 0 0 0 0 4 7 8 5 0 0 0]]";[0.0, 16.0, 23.0];[0.0, 4.47213595499958, 16.76305461424021];[16.0, 0.0, 18.0];[4.47213595499958, 0.0, 12.36931687685298];[23.0, 18.0, 0.0];[16.76305461424021, 12.36931687685298, 0.0]
48;0.9974424552429667;"MMatrix[Int8[23 27 35 32 23 0 0 0 0 0 0 0 0 0 0 0 0 0 0 0; 29 34 42 31 22 0 0 0 0 0 0 0 0 0 0 0 0 0 0 0; 30 36 42 29 20 0 0 0 0 0 0 0 0 0 0 0 0 0 0 0; 20 23 22 0 0 0 0 0 0 0 0 0 0 0 0 0 0 0 0 0; 16 19 18 0 0 0 0 0 0 0 0 0 0 0 0 0 0 0 0 0; 11 13 14 0 0 0 0 0 0 0 0 0 0 0 0 0 0 0 0 0; 11 7 7 0 0 0 0 0 0 0 0 0 0 0 0 0 0 0 0 0; 6 5 5 2 2 0 0 0 0 0 0 0 0 0 0 0 0 0 0 0; 2 2 3 2 2 0 0 0 0 0 0 0 0 0 0 0 0 0 0 0; 2 2 2 2 0 0 0 0 0 0 0 0 0 0 0 0 0 0 0 0; 2 2 2 2 2 0 0 0 0 0 0 0 0 0 0 0 0 0 0 0; 0 0 2 0 0 0 0 0 0 0 0 0 0 0 0 0 0 0 0 0; 0 0 0 0 0 0 0 0 0 0 0 0 0 0 0 0 0 0 0 0; 0 0 0 0 0 0 0 0 0 0 0 0 0 0 0 0 0 0 0 0; 0 0 0 0 0 0 0 0 0 0 0 0 0 0 0 0 0 0 0 0; 0 0 0 0 0 0 0 0 0 0 0 0 0 0 0 0 0 0 0 0; 0 0 0 0 0 0 0 0 0 0 0 0 0 0 0 0 0 0 0 0; 0 0 0 0 0 0 0 0 0 0 0 0 0 0 0 0 0 0 0 0; 0 0 0 0 0 0 0 0 0 0 0 0 0 0 0 0 0 0 0 0; 0 0 0 0 0 0 0 0 0 0 0 0 0 0 0 0 0 0 0 0], Int8[0 2 2 1 1 0 3 0 0 0 0 1 0 0 0 0 0 0 0 0; 2 2 2 1 1 0 6 0 0 0 0 4 0 0 0 0 0 0 0 0; 2 2 2 1 1 0 7 8 8 7 7 5 0 0 0 0 0 0 0 0; 2 2 2 0 0 0 9 10 9 7 7 7 0 0 0 0 0 0 0 0; 2 2 2 0 0 0 8 8 0 0 5 6 0 0 0 0 0 0 0 0; 2 3 2 0 0 0 6 5 0 0 4 5 0 0 0 0 0 0 0 0; 2 3 4 0 0 0 6 4 0 0 4 4 0 0 0 0 0 0 0 0; 3 4 4 3 2 0 4 4 4 3 4 4 0 0 0 0 0 0 0 0; 3 2 3 4 3 0 3 3 2 3 4 2 0 0 0 0 0 0 0 0; 3 4 4 5 0 0 0 0 0 4 4 2 0 0 0 0 0 0 0 0; 3 4 5 5 4 3 2 2 2 2 2 3 1 0 0 0 0 0 0 0; 2 4 4 5 4 3 3 2 1 1 2 0 0 0 0 0 0 0 0 0; 2 3 4 4 4 4 3 2 1 1 1 0 0 0 0 0 0 0 0 0; 0 0 0 4 4 0 0 0 0 0 0 0 0 0 0 0 0 0 0 0; 2 2 0 4 3 0 4 5 6 5 5 3 0 0 0 0 0 0 0 0; 3 3 0 4 3 0 4 7 7 6 6 6 0 0 0 0 0 0 0 0; 3 3 0 5 5 0 6 7 7 5 6 5 0 0 0 0 0 0 0 0; 4 5 7 9 8 6 5 4 0 0 3 3 0 0 0 0 0 0 0 0; 3 5 6 8 6 6 4 3 0 0 1 2 0 0 0 0 0 0 0 0; 3 5 5 5 6 6 5 4 0 0 1 1 0 0 0 0 0 0 0 0], Int8[1 1 1 1 0 0 0 0 0 0 0 0 0 6 11 10 9 10 7 3; 2 2 2 0 0 0 0 0 0 0 0 0 0 6 10 12 11 11 7 2; 2 2 2 0 0 0 0 0 0 0 0 0 0 7 10 13 12 11 0 0; 2 2 2 0 0 0 0 0 0 0 0 0 0 0 0 0 9 8 0 0; 1 2 2 0 0 0 0 0 0 0 0 0 0 0 0 0 8 8 0 0; 2 2 2 0 0 0 0 0 0 0 0 0 0 3 3 6 8 5 0 0; 3 2 2 0 0 0 0 0 0 0 0 0 0 2 6 6 4 6 0 0; 1 2 2 1 1 0 0 0 0 0 0 1 0 2 6 6 4 5 5 1; 1 1 2 1 1 0 0 0 0 1 1 1 0 4 3 4 6 3 3 3; 1 1 2 2 0 0 0 0 0 2 1 2 0 3 4 4 1 4 3 3; 1 2 2 2 2 2 2 3 3 2 2 3 3 4 4 0 0 5 4 3; 0 0 2 1 2 2 2 2 2 2 3 3 3 4 2 0 0 4 4 3; 0 0 1 2 2 2 2 2 2 2 2 3 4 4 3 0 0 5 5 5; 0 0 0 0 1 0 0 0 0 0 0 0 0 2 3 0 0 5 6 6; 0 0 0 0 0 0 0 0 0 0 0 0 0 3 4 0 0 7 6 7; 0 0 0 0 0 0 0 0 0 0 0 0 0 3 6 6 7 9 8 5; 0 0 0 0 0 0 0 0 0 0 0 0 0 7 6 6 7 9 8 6; 0 0 0 0 0 0 0 0 0 0 0 0 0 5 10 10 8 7 6 2; 0 0 0 0 0 0 0 0 0 0 0 0 0 4 10 10 7 0 0 0; 0 0 0 0 0 0 0 0 0 0 0 0 0 4 7 8 5 0 0 0]]";[0.0, 13.0, 18.0];[0.0, 8.602325267042627, 15.231546211727817];[13.0, 0.0, 15.0];[8.602325267042627, 0.0, 7.0710678118654755];[18.0, 15.0, 0.0];[15.231546211727817, 7.0710678118654755, 0.0]
49;0.9974424552429667;"MMatrix[Int8[23 27 35 32 23 0 0 0 0 0 0 0 0 0 0 0 0 0 0 0; 29 34 42 31 22 0 0 0 0 0 0 0 0 0 0 0 0 0 0 0; 30 36 42 29 20 0 0 0 0 0 0 0 0 0 0 0 0 0 0 0; 20 23 22 0 0 0 0 0 0 0 0 0 0 0 0 0 0 0 0 0; 16 19 18 0 0 0 0 0 0 0 0 0 0 0 0 0 0 0 0 0; 11 13 14 0 0 0 0 0 0 0 0 0 0 0 0 0 0 0 0 0; 11 7 7 0 0 0 0 0 0 0 0 0 0 0 0 0 0 0 0 0; 6 5 5 2 2 0 0 0 0 0 0 0 0 0 0 0 0 0 0 0; 2 2 4 2 2 0 0 0 0 0 0 0 0 0 0 0 0 0 0 0; 3 3 3 3 0 0 0 0 0 0 0 0 0 0 0 0 0 0 0 0; 3 3 3 3 3 0 0 0 0 0 0 0 0 0 0 0 0 0 0 0; 1 1 2 1 1 1 0 0 0 0 0 0 0 0 0 0 0 0 0 0; 1 1 1 1 1 0 0 0 0 0 0 0 0 0 0 0 0 0 0 0; 0 0 0 1 1 0 0 0 0 0 0 0 0 0 0 0 0 0 0 0; 0 0 0 0 0 0 0 0 0 0 0 0 0 0 0 0 0 0 0 0; 0 0 0 0 0 0 0 0 0 0 0 0 0 0 0 0 0 0 0 0; 0 0 0 0 0 0 0 0 0 0 0 0 0 0 0 0 0 0 0 0; 0 0 0 0 0 0 0 0 0 0 0 0 0 0 0 0 0 0 0 0; 0 0 0 0 0 0 0 0 0 0 0 0 0 0 0 0 0 0 0 0; 0 0 0 0 0 0 0 0 0 0 0 0 0 0 0 0 0 0 0 0], Int8[0 2 2 1 1 0 3 0 0 0 0 2 0 0 0 0 0 0 0 0; 2 2 2 1 1 0 6 0 0 0 0 5 0 0 0 0 0 0 0 0; 2 2 2 1 1 0 7 8 8 8 8 6 0 0 0 0 0 0 0 0; 2 2 2 0 0 0 9 10 10 8 8 7 0 0 0 0 0 0 0 0; 2 2 2 0 0 0 8 8 0 0 6 7 0 0 0 0 0 0 0 0; 2 3 2 0 0 0 6 5 0 0 5 6 0 0 0 0 0 0 0 0; 2 3 4 0 0 0 6 4 0 0 4 5 0 0 0 0 0 0 0 0; 3 4 4 3 2 0 4 4 4 3 4 4 0 0 0 0 0 0 0 0; 3 2 3 4 3 0 3 3 2 3 4 2 0 0 0 0 0 0 0 0; 3 4 4 5 0 0 0 0 0 4 4 2 0 0 0 0 0 0 0 0; 3 4 5 5 4 3 2 2 2 2 2 3 1 0 0 0 0 0 0 0; 2 4 4 5 4 3 3 2 1 1 2 0 0 0 0 0 0 0 0 0; 2 3 4 4 4 4 3 2 1 1 1 0 0 0 0 0 0 0 0 0; 0 0 0 4 4 0 0 0 0 0 0 0 0 0 0 0 0 0 0 0; 2 2 0 4 3 0 4 5 6 5 5 3 0 0 0 0 0 0 0 0; 3 3 0 4 3 0 4 7 7 6 6 6 0 0 0 0 0 0 0 0; 3 3 0 5 5 0 6 7 7 5 6 5 0 0 0 0 0 0 0 0; 4 5 7 9 8 6 5 4 0 0 3 3 0 0 0 0 0 0 0 0; 3 5 6 8 6 6 4 3 0 0 1 2 0 0 0 0 0 0 0 0; 3 5 5 5 6 6 5 4 0 0 1 1 0 0 0 0 0 0 0 0], Int8[1 1 1 1 0 0 0 0 0 0 0 0 0 6 11 11 10 11 8 4; 2 2 2 0 0 0 0 0 0 0 0 0 0 6 10 13 12 12 8 2; 2 2 2 0 0 0 0 0 0 0 0 0 0 7 11 14 13 11 0 0; 2 2 2 0 0 0 0 0 0 0 0 0 0 0 0 0 10 9 0 0; 1 2 2 0 0 0 0 0 0 0 0 0 0 0 0 0 9 9 0 0; 2 2 2 0 0 0 0 0 0 0 0 0 0 3 3 6 8 6 0 0; 3 2 2 0 0 0 0 0 0 0 0 0 0 2 6 6 4 6 0 0; 1 2 2 1 1 0 0 0 0 0 0 1 0 2 6 6 4 5 5 1; 1 1 2 1 1 0 0 0 0 1 1 1 0 4 3 4 6 3 3 3; 1 1 2 2 0 0 0 0 0 2 1 2 0 3 4 4 1 4 3 3; 1 2 2 2 2 2 2 3 3 2 2 3 3 4 4 0 0 5 4 3; 0 0 2 1 2 2 2 2 2 2 3 3 3 4 2 0 0 4 4 3; 0 0 1 2 2 2 2 2 2 2 2 3 4 4 3 0 0 5 5 5; 0 0 0 0 1 0 0 0 0 0 0 0 0 2 3 0 0 5 6 6; 0 0 0 0 0 0 0 0 0 0 0 0 0 3 4 0 0 7 6 7; 0 0 0 0 0 0 0 0 0 0 0 0 0 3 6 6 7 9 8 5; 0 0 0 0 0 0 0 0 0 0 0 0 0 7 6 6 7 9 8 6; 0 0 0 0 0 0 0 0 0 0 0 0 0 5 10 10 8 7 6 2; 0 0 0 0 0 0 0 0 0 0 0 0 0 4 10 10 7 0 0 0; 0 0 0 0 0 0 0 0 0 0 0 0 0 4 7 8 5 0 0 0]]";[0.0, 13.0, 18.0];[0.0, 12.041594578792296, 17.4928556845359];[13.0, 0.0, 15.0];[12.041594578792296, 0.0, 6.082762530298219];[18.0, 15.0, 0.0];[17.4928556845359, 6.082762530298219, 0.0]
50;0.9974424552429667;"MMatrix[Int8[23 27 35 32 23 0 0 0 0 0 0 0 0 0 0 0 0 0 0 0; 29 34 42 31 22 0 0 0 0 0 0 0 0 0 0 0 0 0 0 0; 30 36 42 29 20 0 0 0 0 0 0 0 0 0 0 0 0 0 0 0; 20 23 22 0 0 0 0 0 0 0 0 0 0 0 0 0 0 0 0 0; 16 19 18 0 0 0 0 0 0 0 0 0 0 0 0 0 0 0 0 0; 11 13 14 0 0 0 0 0 0 0 0 0 0 0 0 0 0 0 0 0; 11 7 7 0 0 0 0 0 0 0 0 0 0 0 0 0 0 0 0 0; 6 5 5 2 2 0 0 0 0 0 0 0 0 0 0 0 0 0 0 0; 2 2 4 2 2 0 0 0 0 0 0 0 0 0 0 0 0 0 0 0; 3 3 4 3 0 0 0 0 0 0 0 0 0 0 0 0 0 0 0 0; 4 4 4 4 4 0 0 0 0 0 0 0 0 0 0 0 0 0 0 0; 2 2 3 2 2 1 0 0 0 0 0 0 0 0 0 0 0 0 0 0; 2 2 1 2 2 1 0 0 0 0 0 0 0 0 0 0 0 0 0 0; 0 0 0 2 2 0 0 0 0 0 0 0 0 0 0 0 0 0 0 0; 0 0 0 0 1 0 0 0 0 0 0 0 0 0 0 0 0 0 0 0; 0 0 0 0 0 0 0 0 0 0 0 0 0 0 0 0 0 0 0 0; 0 0 0 0 0 0 0 0 0 0 0 0 0 0 0 0 0 0 0 0; 0 0 0 0 0 0 0 0 0 0 0 0 0 0 0 0 0 0 0 0; 0 0 0 0 0 0 0 0 0 0 0 0 0 0 0 0 0 0 0 0; 0 0 0 0 0 0 0 0 0 0 0 0 0 0 0 0 0 0 0 0], Int8[0 2 2 1 1 0 3 0 0 0 0 2 0 0 0 0 0 0 0 0; 2 2 2 1 1 0 7 0 0 0 0 5 0 0 0 0 0 0 0 0; 2 2 2 1 1 0 8 9 9 9 9 6 0 0 0 0 0 0 0 0; 2 2 2 0 0 0 10 11 10 9 9 8 0 0 0 0 0 0 0 0; 2 2 2 0 0 0 9 9 0 0 6 7 0 0 0 0 0 0 0 0; 2 3 2 0 0 0 7 5 0 0 5 6 0 0 0 0 0 0 0 0; 2 3 4 0 0 0 6 4 0 0 4 5 0 0 0 0 0 0 0 0; 3 4 4 3 2 0 4 4 4 3 4 4 0 0 0 0 0 0 0 0; 3 2 3 4 3 0 3 3 2 3 4 2 0 0 0 0 0 0 0 0; 3 4 4 5 0 0 0 0 0 4 4 2 0 0 0 0 0 0 0 0; 3 4 5 5 4 3 2 2 2 2 2 3 1 0 0 0 0 0 0 0; 2 4 4 5 4 3 3 2 1 1 2 0 0 0 0 0 0 0 0 0; 2 3 4 4 4 4 3 2 1 1 1 0 0 0 0 0 0 0 0 0; 0 0 0 4 4 0 0 0 0 0 0 0 0 0 0 0 0 0 0 0; 2 2 0 4 3 0 4 5 6 5 5 3 0 0 0 0 0 0 0 0; 3 3 0 4 3 0 4 7 7 6 6 6 0 0 0 0 0 0 0 0; 3 3 0 5 5 0 6 7 7 5 6 5 0 0 0 0 0 0 0 0; 4 5 7 9 8 6 5 4 0 0 3 3 0 0 0 0 0 0 0 0; 3 5 6 8 6 6 4 3 0 0 1 2 0 0 0 0 0 0 0 0; 3 5 5 5 6 6 5 4 0 0 1 1 0 0 0 0 0 0 0 0], Int8[1 1 1 1 0 0 0 0 0 0 0 0 0 7 12 12 11 11 8 4; 2 2 2 0 0 0 0 0 0 0 0 0 0 7 11 14 13 12 8 2; 2 2 2 0 0 0 0 0 0 0 0 0 0 8 11 15 14 12 0 0; 2 2 2 0 0 0 0 0 0 0 0 0 0 0 0 0 10 9 0 0; 1 2 2 0 0 0 0 0 0 0 0 0 0 0 0 0 9 9 0 0; 2 2 2 0 0 0 0 0 0 0 0 0 0 3 3 6 8 6 0 0; 3 2 2 0 0 0 0 0 0 0 0 0 0 2 6 6 4 6 0 0; 1 2 2 1 1 0 0 0 0 0 0 1 0 2 6 6 4 5 5 1; 1 1 2 1 1 0 0 0 0 1 1 1 0 4 3 4 6 3 3 3; 1 1 2 2 0 0 0 0 0 2 1 2 0 3 4 4 1 4 3 3; 1 2 2 2 2 2 2 3 3 2 2 3 3 4 4 0 0 5 4 3; 0 0 2 1 2 2 2 2 2 2 3 3 3 4 2 0 0 4 4 3; 0 0 1 2 2 2 2 2 2 2 2 3 4 4 3 0 0 5 5 5; 0 0 0 0 1 0 0 0 0 0 0 0 0 2 3 0 0 5 6 6; 0 0 0 0 0 0 0 0 0 0 0 0 0 3 4 0 0 7 6 7; 0 0 0 0 0 0 0 0 0 0 0 0 0 3 6 6 7 9 8 5; 0 0 0 0 0 0 0 0 0 0 0 0 0 7 6 6 7 9 8 6; 0 0 0 0 0 0 0 0 0 0 0 0 0 5 10 10 8 7 6 2; 0 0 0 0 0 0 0 0 0 0 0 0 0 4 10 10 7 0 0 0; 0 0 0 0 0 0 0 0 0 0 0 0 0 4 7 8 5 0 0 0]]";[0.0, 13.0, 19.0];[0.0, 10.816653826391969, 15.620499351813308];[13.0, 0.0, 17.0];[10.816653826391969, 0.0, 6.082762530298219];[19.0, 17.0, 0.0];[15.620499351813308, 6.082762530298219, 0.0]
51;0.9974424552429667;"MMatrix[Int8[23 27 35 32 23 0 0 0 0 0 0 0 0 0 0 0 0 0 0 0; 29 34 42 31 22 0 0 0 0 0 0 0 0 0 0 0 0 0 0 0; 30 36 42 29 20 0 0 0 0 0 0 0 0 0 0 0 0 0 0 0; 20 23 22 0 0 0 0 0 0 0 0 0 0 0 0 0 0 0 0 0; 16 19 18 0 0 0 0 0 0 0 0 0 0 0 0 0 0 0 0 0; 11 13 14 0 0 0 0 0 0 0 0 0 0 0 0 0 0 0 0 0; 11 7 7 0 0 0 0 0 0 0 0 0 0 0 0 0 0 0 0 0; 6 5 5 2 2 0 0 0 0 0 0 0 0 0 0 0 0 0 0 0; 2 2 4 2 2 0 0 0 0 0 0 0 0 0 0 0 0 0 0 0; 3 3 4 3 0 0 0 0 0 0 0 0 0 0 0 0 0 0 0 0; 4 4 4 4 4 0 0 0 0 0 0 0 0 0 0 0 0 0 0 0; 2 2 3 2 3 1 0 0 0 0 0 0 0 0 0 0 0 0 0 0; 2 2 2 3 3 1 0 0 0 0 0 0 0 0 0 0 0 0 0 0; 0 0 0 3 3 0 0 0 0 0 0 0 0 0 0 0 0 0 0 0; 0 0 0 1 1 0 0 0 0 0 0 0 0 0 0 0 0 0 0 0; 0 0 0 1 1 0 0 0 0 0 0 0 0 0 0 0 0 0 0 0; 0 0 0 1 1 0 0 0 0 0 0 0 0 0 0 0 0 0 0 0; 0 0 0 0 1 0 0 0 0 0 0 0 0 0 0 0 0 0 0 0; 0 0 0 0 0 0 0 0 0 0 0 0 0 0 0 0 0 0 0 0; 0 0 0 0 0 0 0 0 0 0 0 0 0 0 0 0 0 0 0 0], Int8[0 2 2 1 1 0 3 0 0 0 0 2 0 0 0 0 0 0 0 0; 2 2 2 1 1 0 7 0 0 0 0 5 0 0 0 0 0 0 0 0; 2 2 2 1 1 0 9 10 10 9 10 7 0 0 0 0 0 0 0 0; 2 2 2 0 0 0 10 12 11 10 10 9 0 0 0 0 0 0 0 0; 2 2 2 0 0 0 9 10 0 0 7 8 0 0 0 0 0 0 0 0; 2 3 2 0 0 0 7 5 0 0 5 6 0 0 0 0 0 0 0 0; 2 3 4 0 0 0 6 4 0 0 4 5 0 0 0 0 0 0 0 0; 3 4 4 3 2 0 4 4 4 3 4 4 0 0 0 0 0 0 0 0; 3 2 3 4 3 0 3 3 2 3 4 2 0 0 0 0 0 0 0 0; 3 4 4 5 0 0 0 0 0 4 4 2 0 0 0 0 0 0 0 0; 3 4 5 5 4 3 2 2 2 2 2 3 1 0 0 0 0 0 0 0; 2 4 4 5 4 3 3 2 1 1 2 0 0 0 0 0 0 0 0 0; 2 3 4 4 4 4 3 2 1 1 1 0 0 0 0 0 0 0 0 0; 0 0 0 4 4 0 0 0 0 0 0 0 0 0 0 0 0 0 0 0; 2 2 0 4 3 0 4 5 6 5 5 3 0 0 0 0 0 0 0 0; 3 3 0 4 3 0 4 7 7 6 6 6 0 0 0 0 0 0 0 0; 3 3 0 5 5 0 6 7 7 5 6 5 0 0 0 0 0 0 0 0; 4 5 7 9 8 6 5 4 0 0 3 3 0 0 0 0 0 0 0 0; 3 5 6 8 6 6 4 3 0 0 1 2 0 0 0 0 0 0 0 0; 3 5 5 5 6 6 5 4 0 0 1 1 0 0 0 0 0 0 0 0], Int8[1 1 1 1 0 0 0 0 0 0 0 0 0 8 13 13 11 11 8 4; 2 2 2 0 0 0 0 0 0 0 0 0 0 8 12 15 13 12 8 2; 2 2 2 0 0 0 0 0 0 0 0 0 0 8 12 16 15 12 0 0; 2 2 2 0 0 0 0 0 0 0 0 0 0 0 0 0 10 9 0 0; 1 2 2 0 0 0 0 0 0 0 0 0 0 0 0 0 9 9 0 0; 2 2 2 0 0 0 0 0 0 0 0 0 0 3 3 6 8 6 0 0; 3 2 2 0 0 0 0 0 0 0 0 0 0 2 6 6 4 6 0 0; 1 2 2 1 1 0 0 0 0 0 0 1 0 2 6 6 4 5 5 1; 1 1 2 1 1 0 0 0 0 1 1 1 0 4 3 4 6 3 3 3; 1 1 2 2 0 0 0 0 0 2 1 2 0 3 4 4 1 4 3 3; 1 2 2 2 2 2 2 3 3 2 2 3 3 4 4 0 0 5 4 3; 0 0 2 1 2 2 2 2 2 2 3 3 3 4 2 0 0 4 4 3; 0 0 1 2 2 2 2 2 2 2 2 3 4 4 3 0 0 5 5 5; 0 0 0 0 1 0 0 0 0 0 0 0 0 2 3 0 0 5 6 6; 0 0 0 0 0 0 0 0 0 0 0 0 0 3 4 0 0 7 6 7; 0 0 0 0 0 0 0 0 0 0 0 0 0 3 6 6 7 9 8 5; 0 0 0 0 0 0 0 0 0 0 0 0 0 7 6 6 7 9 8 6; 0 0 0 0 0 0 0 0 0 0 0 0 0 5 10 10 8 7 6 2; 0 0 0 0 0 0 0 0 0 0 0 0 0 4 10 10 7 0 0 0; 0 0 0 0 0 0 0 0 0 0 0 0 0 4 7 8 5 0 0 0]]";[0.0, 13.0, 19.0];[0.0, 13.0, 15.0];[13.0, 0.0, 18.0];[13.0, 0.0, 4.0];[19.0, 18.0, 0.0];[15.0, 4.0, 0.0]
52;0.9974424552429667;"MMatrix[Int8[23 27 35 32 23 0 0 0 0 0 0 0 0 0 0 0 0 0 0 0; 29 34 42 31 22 0 0 0 0 0 0 0 0 0 0 0 0 0 0 0; 30 36 42 29 20 0 0 0 0 0 0 0 0 0 0 0 0 0 0 0; 20 23 22 0 0 0 0 0 0 0 0 0 0 0 0 0 0 0 0 0; 16 19 18 0 0 0 0 0 0 0 0 0 0 0 0 0 0 0 0 0; 11 13 14 0 0 0 0 0 0 0 0 0 0 0 0 0 0 0 0 0; 11 7 7 0 0 0 0 0 0 0 0 0 0 0 0 0 0 0 0 0; 6 5 5 2 2 0 0 0 0 0 0 0 0 0 0 0 0 0 0 0; 2 2 4 2 2 0 0 0 0 0 0 0 0 0 0 0 0 0 0 0; 3 3 4 3 0 0 0 0 0 0 0 0 0 0 0 0 0 0 0 0; 4 4 4 4 4 0 0 0 0 0 0 0 0 0 0 0 0 0 0 0; 2 2 3 2 3 1 0 0 0 0 0 0 0 0 0 0 0 0 0 0; 2 2 2 3 3 1 0 0 0 0 0 0 0 0 0 0 0 0 0 0; 0 0 0 3 3 0 0 0 0 0 0 0 0 0 0 0 0 0 0 0; 0 0 0 1 2 0 0 0 0 0 0 0 0 0 0 0 0 0 0 0; 0 0 0 2 2 0 0 0 0 0 0 0 0 0 0 0 0 0 0 0; 0 0 0 2 2 0 0 0 0 0 0 0 0 0 0 0 0 0 0 0; 0 1 1 1 1 1 1 1 0 0 0 0 0 0 0 0 0 0 0 0; 0 0 1 1 1 1 1 0 0 0 0 0 0 0 0 0 0 0 0 0; 0 0 1 1 1 1 1 0 0 0 0 0 0 0 0 0 0 0 0 0], Int8[0 2 2 1 1 0 3 0 0 0 0 2 0 0 0 0 0 0 0 0; 2 2 2 1 1 0 7 0 0 0 0 5 0 0 0 0 0 0 0 0; 2 2 2 1 1 0 10 11 11 10 10 7 0 0 0 0 0 0 0 0; 2 2 2 0 0 0 11 13 12 10 10 9 0 0 0 0 0 0 0 0; 2 2 2 0 0 0 10 10 0 0 7 8 0 0 0 0 0 0 0 0; 2 3 2 0 0 0 8 6 0 0 5 6 0 0 0 0 0 0 0 0; 2 3 4 0 0 0 7 5 0 0 4 5 0 0 0 0 0 0 0 0; 3 4 4 3 2 0 4 5 4 3 4 4 0 0 0 0 0 0 0 0; 3 2 3 4 3 0 3 3 2 3 4 2 0 0 0 0 0 0 0 0; 3 4 4 5 0 0 0 0 0 4 4 2 0 0 0 0 0 0 0 0; 3 4 5 5 4 3 2 2 2 2 2 3 1 0 0 0 0 0 0 0; 2 4 4 5 4 3 3 2 1 1 2 0 0 0 0 0 0 0 0 0; 2 3 4 4 4 4 3 2 1 1 1 0 0 0 0 0 0 0 0 0; 0 0 0 4 4 0 0 0 0 0 0 0 0 0 0 0 0 0 0 0; 2 2 0 4 3 0 4 5 6 5 5 3 0 0 0 0 0 0 0 0; 3 3 0 4 3 0 4 7 7 6 6 6 0 0 0 0 0 0 0 0; 3 3 0 5 5 0 6 7 7 5 6 5 0 0 0 0 0 0 0 0; 4 5 7 9 8 6 5 4 0 0 3 3 0 0 0 0 0 0 0 0; 3 5 6 8 6 6 4 3 0 0 1 2 0 0 0 0 0 0 0 0; 3 5 5 5 6 6 5 4 0 0 1 1 0 0 0 0 0 0 0 0], Int8[1 1 1 1 0 0 0 0 0 0 0 0 0 9 14 13 12 12 9 4; 2 2 2 0 0 0 0 0 0 0 0 0 0 9 13 16 14 13 8 2; 2 2 2 0 0 0 0 0 0 0 0 0 0 9 13 17 16 13 0 0; 2 2 2 0 0 0 0 0 0 0 0 0 0 0 0 0 10 9 0 0; 1 2 2 0 0 0 0 0 0 0 0 0 0 0 0 0 9 9 0 0; 2 2 2 0 0 0 0 0 0 0 0 0 0 3 3 6 8 6 0 0; 3 2 2 0 0 0 0 0 0 0 0 0 0 2 6 6 4 6 0 0; 1 2 2 1 1 0 0 0 0 0 0 1 0 2 6 6 4 5 5 1; 1 1 2 1 1 0 0 0 0 1 1 1 0 4 3 4 6 3 3 3; 1 1 2 2 0 0 0 0 0 2 1 2 0 3 4 4 1 4 3 3; 1 2 2 2 2 2 2 3 3 2 2 3 3 4 4 0 0 5 4 3; 0 0 2 1 2 2 2 2 2 2 3 3 3 4 2 0 0 4 4 3; 0 0 1 2 2 2 2 2 2 2 2 3 4 4 3 0 0 5 5 5; 0 0 0 0 1 0 0 0 0 0 0 0 0 2 3 0 0 5 6 6; 0 0 0 0 0 0 0 0 0 0 0 0 0 3 4 0 0 7 6 7; 0 0 0 0 0 0 0 0 0 0 0 0 0 3 6 6 7 9 8 5; 0 0 0 0 0 0 0 0 0 0 0 0 0 7 6 6 7 9 8 6; 0 0 0 0 0 0 0 0 0 0 0 0 0 5 10 10 8 7 6 2; 0 0 0 0 0 0 0 0 0 0 0 0 0 4 10 10 7 0 0 0; 0 0 0 0 0 0 0 0 0 0 0 0 0 4 7 8 5 0 0 0]]";[0.0, 14.0, 22.0];[0.0, 13.341664064126334, 20.248456731316587];[14.0, 0.0, 17.0];[13.341664064126334, 0.0, 8.94427190999916];[22.0, 17.0, 0.0];[20.248456731316587, 8.94427190999916, 0.0]
53;0.9974424552429667;"MMatrix[Int8[23 27 35 32 23 0 0 0 0 0 0 0 0 0 0 0 0 0 0 0; 29 34 42 31 22 0 0 0 0 0 0 0 0 0 0 0 0 0 0 0; 30 36 42 29 20 0 0 0 0 0 0 0 0 0 0 0 0 0 0 0; 20 23 22 0 0 0 0 0 0 0 0 0 0 0 0 0 0 0 0 0; 16 19 18 0 0 0 0 0 0 0 0 0 0 0 0 0 0 0 0 0; 11 13 14 0 0 0 0 0 0 0 0 0 0 0 0 0 0 0 0 0; 11 7 7 0 0 0 0 0 0 0 0 0 0 0 0 0 0 0 0 0; 6 5 5 2 2 0 0 0 0 0 0 0 0 0 0 0 0 0 0 0; 2 2 4 2 2 0 0 0 0 0 0 0 0 0 0 0 0 0 0 0; 3 3 4 3 0 0 0 0 0 0 0 0 0 0 0 0 0 0 0 0; 4 4 4 4 4 0 0 0 0 0 0 0 0 0 0 0 0 0 0 0; 2 2 3 2 3 1 0 0 0 0 0 0 0 0 0 0 0 0 0 0; 2 2 2 3 3 1 0 0 0 0 0 0 0 0 0 0 0 0 0 0; 0 0 0 3 3 0 0 0 0 0 0 0 0 0 0 0 0 0 0 0; 0 0 0 1 2 0 0 1 0 0 0 0 0 0 0 0 0 0 0 0; 0 0 0 2 2 0 1 1 1 1 0 0 0 0 0 0 0 0 0 0; 0 0 0 2 2 0 1 1 1 0 0 0 0 0 0 0 0 0 0 0; 0 1 1 1 2 2 2 1 0 0 0 0 0 0 0 0 0 0 0 0; 0 0 1 1 1 2 2 1 0 0 0 0 0 0 0 0 0 0 0 0; 0 0 1 1 1 2 2 1 0 0 0 0 0 0 0 0 0 0 0 0], Int8[0 2 2 1 1 0 4 0 0 0 0 2 0 0 0 0 0 0 0 0; 2 2 2 1 1 0 8 0 0 0 0 5 0 0 0 0 0 0 0 0; 2 2 2 1 1 0 11 12 12 10 10 7 0 0 0 0 0 0 0 0; 2 2 2 0 0 0 11 14 13 11 10 9 0 0 0 0 0 0 0 0; 2 2 2 0 0 0 11 11 0 0 7 8 0 0 0 0 0 0 0 0; 2 3 2 0 0 0 9 7 0 0 5 6 0 0 0 0 0 0 0 0; 2 3 4 0 0 0 8 5 0 0 4 5 0 0 0 0 0 0 0 0; 3 4 4 3 2 0 4 5 4 3 4 4 0 0 0 0 0 0 0 0; 3 2 3 4 3 0 3 3 2 3 4 2 0 0 0 0 0 0 0 0; 3 4 4 5 0 0 0 0 0 4 4 2 0 0 0 0 0 0 0 0; 3 4 5 5 4 3 2 2 2 2 2 3 1 0 0 0 0 0 0 0; 2 4 4 5 4 3 3 2 1 1 2 0 0 0 0 0 0 0 0 0; 2 3 4 4 4 4 3 2 1 1 1 0 0 0 0 0 0 0 0 0; 0 0 0 4 4 0 0 0 0 0 0 0 0 0 0 0 0 0 0 0; 2 2 0 4 3 0 4 5 6 5 5 3 0 0 0 0 0 0 0 0; 3 3 0 4 3 0 4 7 7 6 6 6 0 0 0 0 0 0 0 0; 3 3 0 5 5 0 6 7 7 5 6 5 0 0 0 0 0 0 0 0; 4 5 7 9 8 6 5 4 0 0 3 3 0 0 0 0 0 0 0 0; 3 5 6 8 6 6 4 3 0 0 1 2 0 0 0 0 0 0 0 0; 3 5 5 5 6 6 5 4 0 0 1 1 0 0 0 0 0 0 0 0], Int8[1 1 1 1 0 0 0 0 0 0 0 0 0 10 15 14 13 13 9 4; 2 2 2 0 0 0 0 0 0 0 0 0 0 10 14 17 15 14 8 2; 2 2 2 0 0 0 0 0 0 0 0 0 0 10 14 17 17 14 0 0; 2 2 2 0 0 0 0 0 0 0 0 0 0 0 0 0 11 10 0 0; 1 2 2 0 0 0 0 0 0 0 0 0 0 0 0 0 9 10 0 0; 2 2 2 0 0 0 0 0 0 0 0 0 0 3 3 6 8 6 0 0; 3 2 2 0 0 0 0 0 0 0 0 0 0 2 6 6 4 6 0 0; 1 2 2 1 1 0 0 0 0 0 0 1 0 2 6 6 4 5 5 1; 1 1 2 1 1 0 0 0 0 1 1 1 0 4 3 4 6 3 3 3; 1 1 2 2 0 0 0 0 0 2 1 2 0 3 4 4 1 4 3 3; 1 2 2 2 2 2 2 3 3 2 2 3 3 4 4 0 0 5 4 3; 0 0 2 1 2 2 2 2 2 2 3 3 3 4 2 0 0 4 4 3; 0 0 1 2 2 2 2 2 2 2 2 3 4 4 3 0 0 5 5 5; 0 0 0 0 1 0 0 0 0 0 0 0 0 2 3 0 0 5 6 6; 0 0 0 0 0 0 0 0 0 0 0 0 0 3 4 0 0 7 6 7; 0 0 0 0 0 0 0 0 0 0 0 0 0 3 6 6 7 9 8 5; 0 0 0 0 0 0 0 0 0 0 0 0 0 7 6 6 7 9 8 6; 0 0 0 0 0 0 0 0 0 0 0 0 0 5 10 10 8 7 6 2; 0 0 0 0 0 0 0 0 0 0 0 0 0 4 10 10 7 0 0 0; 0 0 0 0 0 0 0 0 0 0 0 0 0 4 7 8 5 0 0 0]]";[0.0, 17.0, 22.0];[0.0, 14.035668847618199, 17.0];[17.0, 0.0, 16.0];[14.035668847618199, 0.0, 9.055385138137417];[22.0, 16.0, 0.0];[17.0, 9.055385138137417, 0.0]
54;0.9974424552429667;"MMatrix[Int8[23 27 35 32 23 0 0 0 0 0 0 0 0 0 0 0 0 0 0 0; 29 34 42 31 22 0 0 0 0 0 0 0 0 0 0 0 0 0 0 0; 30 36 42 29 20 0 0 0 0 0 0 0 0 0 0 0 0 0 0 0; 20 23 22 0 0 0 0 0 0 0 0 0 0 0 0 0 0 0 0 0; 16 19 18 0 0 0 0 0 0 0 0 0 0 0 0 0 0 0 0 0; 11 13 14 0 0 0 0 0 0 0 0 0 0 0 0 0 0 0 0 0; 11 7 7 0 0 0 0 0 0 0 0 0 0 0 0 0 0 0 0 0; 6 5 5 2 2 0 0 0 0 0 0 0 0 0 0 0 0 0 0 0; 2 2 4 2 2 0 0 0 0 0 0 0 0 0 0 0 0 0 0 0; 3 3 4 3 0 0 0 0 0 0 0 0 0 0 0 0 0 0 0 0; 4 4 4 4 4 0 0 0 0 0 0 0 0 0 0 0 0 0 0 0; 2 2 3 2 3 1 0 0 0 0 0 0 0 0 0 0 0 0 0 0; 2 2 2 3 3 1 0 0 0 0 0 0 0 0 0 0 0 0 0 0; 0 0 0 3 3 0 0 0 0 0 0 0 0 0 0 0 0 0 0 0; 0 0 0 1 2 0 0 2 1 1 1 1 0 0 0 0 0 0 0 0; 0 0 0 2 2 0 2 2 2 1 1 1 0 0 0 0 0 0 0 0; 0 0 0 2 2 0 1 2 2 1 1 1 0 0 0 0 0 0 0 0; 0 1 1 1 2 2 2 2 0 0 1 1 0 0 0 0 0 0 0 0; 0 0 1 1 1 2 2 1 0 0 0 0 0 0 0 0 0 0 0 0; 0 0 1 1 1 2 2 1 0 0 0 0 0 0 0 0 0 0 0 0], Int8[0 2 2 1 1 0 4 0 0 0 0 2 0 0 0 0 0 0 0 0; 2 2 2 1 1 0 8 0 0 0 0 5 0 0 0 0 0 0 0 0; 2 2 2 1 1 0 11 12 12 10 10 7 0 0 0 0 0 0 0 0; 2 2 2 0 0 0 12 14 13 11 10 9 0 0 0 0 0 0 0 0; 2 2 2 0 0 0 12 12 0 0 7 8 0 0 0 0 0 0 0 0; 2 3 2 0 0 0 10 8 0 0 5 6 0 0 0 0 0 0 0 0; 2 3 4 0 0 0 8 6 0 0 4 5 0 0 0 0 0 0 0 0; 3 4 4 3 2 0 5 6 5 3 4 4 0 0 0 0 0 0 0 0; 3 2 3 4 3 0 4 4 3 3 4 2 0 0 0 0 0 0 0 0; 3 4 4 5 0 0 0 0 0 4 4 2 0 0 0 0 0 0 0 0; 3 4 5 5 4 3 2 2 2 2 2 3 1 0 0 0 0 0 0 0; 2 4 4 5 4 3 3 2 1 1 2 0 0 0 0 0 0 0 0 0; 2 3 4 4 4 4 3 2 1 1 1 0 0 0 0 0 0 0 0 0; 0 0 0 4 4 0 0 0 0 0 0 0 0 0 0 0 0 0 0 0; 2 2 0 4 3 0 4 5 6 5 5 3 0 0 0 0 0 0 0 0; 3 3 0 4 3 0 4 7 7 6 6 6 0 0 0 0 0 0 0 0; 3 3 0 5 5 0 6 7 7 5 6 5 0 0 0 0 0 0 0 0; 4 5 7 9 8 6 5 4 0 0 3 3 0 0 0 0 0 0 0 0; 3 5 6 8 6 6 4 3 0 0 1 2 0 0 0 0 0 0 0 0; 3 5 5 5 6 6 5 4 0 0 1 1 0 0 0 0 0 0 0 0], Int8[1 1 1 1 0 0 0 0 0 0 0 0 0 11 16 15 13 13 9 4; 2 2 2 0 0 0 0 0 0 0 0 0 0 11 15 18 15 14 8 2; 2 2 2 0 0 0 0 0 0 0 0 0 0 10 15 18 18 14 0 0; 2 2 2 0 0 0 0 0 0 0 0 0 0 0 0 0 11 10 0 0; 1 2 2 0 0 0 0 0 0 0 0 0 0 0 0 0 9 10 0 0; 2 2 2 0 0 0 0 0 0 0 0 0 0 3 3 6 8 6 0 0; 3 2 2 0 0 0 0 0 0 0 0 0 0 2 6 6 4 6 0 0; 1 2 2 1 1 0 0 0 0 0 0 1 0 2 6 6 4 5 5 1; 1 1 2 1 1 0 0 0 0 1 1 1 0 4 3 4 6 3 3 3; 1 1 2 2 0 0 0 0 0 2 1 2 0 3 4 4 1 4 3 3; 1 2 2 2 2 2 2 3 3 2 2 3 3 4 4 0 0 5 4 3; 0 0 2 1 2 2 2 2 2 2 3 3 3 4 2 0 0 4 4 3; 0 0 1 2 2 2 2 2 2 2 2 3 4 4 3 0 0 5 5 5; 0 0 0 0 1 0 0 0 0 0 0 0 0 2 3 0 0 5 6 6; 0 0 0 0 0 0 0 0 0 0 0 0 0 3 4 0 0 7 6 7; 0 0 0 0 0 0 0 0 0 0 0 0 0 3 6 6 7 9 8 5; 0 0 0 0 0 0 0 0 0 0 0 0 0 7 6 6 7 9 8 6; 0 0 0 0 0 0 0 0 0 0 0 0 0 5 10 10 8 7 6 2; 0 0 0 0 0 0 0 0 0 0 0 0 0 4 10 10 7 0 0 0; 0 0 0 0 0 0 0 0 0 0 0 0 0 4 7 8 5 0 0 0]]";[0.0, 16.0, 26.0];[0.0, 9.486832980505138, 13.601470508735444];[16.0, 0.0, 16.0];[9.486832980505138, 0.0, 8.06225774829855];[26.0, 16.0, 0.0];[13.601470508735444, 8.06225774829855, 0.0]
55;1.0;"MMatrix[Int8[23 27 35 32 23 0 0 0 0 0 0 0 0 0 0 0 0 0 0 0; 29 34 42 31 22 0 0 0 0 0 0 0 0 0 0 0 0 0 0 0; 30 36 42 29 20 0 0 0 0 0 0 0 0 0 0 0 0 0 0 0; 20 23 22 0 0 0 0 0 0 0 0 0 0 0 0 0 0 0 0 0; 16 19 18 0 0 0 0 0 0 0 0 0 0 0 0 0 0 0 0 0; 11 13 14 0 0 0 0 0 0 0 0 0 0 0 0 0 0 0 0 0; 11 7 7 0 0 0 0 0 0 0 0 0 0 0 0 0 0 0 0 0; 6 5 5 2 2 0 0 0 0 0 0 0 0 0 0 0 0 0 0 0; 2 2 4 2 2 0 0 0 0 0 0 0 0 0 0 0 0 0 0 0; 3 3 4 3 0 0 0 0 0 0 0 0 0 0 0 0 0 0 0 0; 4 4 4 4 4 0 0 0 0 0 0 0 0 0 0 0 0 0 0 0; 2 2 3 2 3 1 0 0 0 0 0 0 0 0 0 0 0 0 0 0; 2 2 2 3 3 1 0 0 0 0 0 0 0 0 0 0 0 0 0 0; 0 0 0 3 3 0 0 0 0 0 0 0 0 0 0 0 0 0 0 0; 0 0 0 1 2 0 0 2 1 1 1 2 0 0 0 0 0 0 0 0; 0 0 0 2 2 0 2 2 2 2 2 2 0 0 0 0 0 0 0 0; 0 0 0 2 2 0 1 2 2 2 2 2 0 0 0 0 0 0 0 0; 0 1 1 1 2 2 2 2 0 0 2 1 0 0 0 0 0 0 0 0; 0 0 1 1 1 2 2 1 0 0 1 1 0 0 0 0 0 0 0 0; 0 0 1 1 1 2 2 1 0 0 1 1 0 0 0 0 0 0 0 0], Int8[0 2 2 1 1 0 5 0 0 0 0 2 0 0 0 0 0 0 0 0; 2 2 2 1 1 0 9 0 0 0 0 5 0 0 0 0 0 0 0 0; 2 2 2 1 1 0 12 13 13 10 10 7 0 0 0 0 0 0 0 0; 2 2 2 0 0 0 12 15 14 12 10 9 0 0 0 0 0 0 0 0; 2 2 2 0 0 0 13 13 0 0 7 8 0 0 0 0 0 0 0 0; 2 3 2 0 0 0 11 9 0 0 5 6 0 0 0 0 0 0 0 0; 2 3 4 0 0 0 9 6 0 0 4 5 0 0 0 0 0 0 0 0; 3 4 4 3 2 0 5 6 5 3 4 4 0 0 0 0 0 0 0 0; 3 2 3 4 3 0 4 4 3 3 4 2 0 0 0 0 0 0 0 0; 3 4 4 5 0 0 0 0 0 4 4 2 0 0 0 0 0 0 0 0; 3 4 5 5 4 3 2 2 2 2 2 3 1 0 0 0 0 0 0 0; 2 4 4 5 4 3 3 2 1 1 2 0 0 0 0 0 0 0 0 0; 2 3 4 4 4 4 3 2 1 1 1 0 0 0 0 0 0 0 0 0; 0 0 0 4 4 0 0 0 0 0 0 0 0 0 0 0 0 0 0 0; 2 2 0 4 3 0 4 5 6 5 5 3 0 0 0 0 0 0 0 0; 3 3 0 4 3 0 4 7 7 6 6 6 0 0 0 0 0 0 0 0; 3 3 0 5 5 0 6 7 7 5 6 5 0 0 0 0 0 0 0 0; 4 5 7 9 8 6 5 4 0 0 3 3 0 0 0 0 0 0 0 0; 3 5 6 8 6 6 4 3 0 0 1 2 0 0 0 0 0 0 0 0; 3 5 5 5 6 6 5 4 0 0 1 1 0 0 0 0 0 0 0 0], Int8[1 1 1 1 0 0 0 0 0 0 0 0 0 11 17 16 14 14 10 4; 2 2 2 0 0 0 0 0 0 0 0 0 0 11 16 19 16 15 9 2; 2 2 2 0 0 0 0 0 0 0 0 0 0 11 16 19 18 15 0 0; 2 2 2 0 0 0 0 0 0 0 0 0 0 0 0 0 12 11 0 0; 1 2 2 0 0 0 0 0 0 0 0 0 0 0 0 0 10 11 0 0; 2 2 2 0 0 0 0 0 0 0 0 0 0 3 3 6 9 6 0 0; 3 2 2 0 0 0 0 0 0 0 0 0 0 2 6 6 4 6 0 0; 1 2 2 1 1 0 0 0 0 0 0 1 0 2 6 6 4 5 5 1; 1 1 2 1 1 0 0 0 0 1 1 1 0 4 3 4 6 3 3 3; 1 1 2 2 0 0 0 0 0 2 1 2 0 3 4 4 1 4 3 3; 1 2 2 2 2 2 2 3 3 2 2 3 3 4 4 0 0 5 4 3; 0 0 2 1 2 2 2 2 2 2 3 3 3 4 2 0 0 4 4 3; 0 0 1 2 2 2 2 2 2 2 2 3 4 4 3 0 0 5 5 5; 0 0 0 0 1 0 0 0 0 0 0 0 0 2 3 0 0 5 6 6; 0 0 0 0 0 0 0 0 0 0 0 0 0 3 4 0 0 7 6 7; 0 0 0 0 0 0 0 0 0 0 0 0 0 3 6 6 7 9 8 5; 0 0 0 0 0 0 0 0 0 0 0 0 0 7 6 6 7 9 8 6; 0 0 0 0 0 0 0 0 0 0 0 0 0 5 10 10 8 7 6 2; 0 0 0 0 0 0 0 0 0 0 0 0 0 4 10 10 7 0 0 0; 0 0 0 0 0 0 0 0 0 0 0 0 0 4 7 8 5 0 0 0]]";[0.0, 21.0, 26.0];[0.0, 14.866068747318506, 15.811388300841896];[21.0, 0.0, 16.0];[14.866068747318506, 0.0, 10.04987562112089];[26.0, 16.0, 0.0];[15.811388300841896, 10.04987562112089, 0.0]
